0 50 99 100
0.001 0.144 0.382 0.477
0.159 0.212 0.317 0.317
0.168 0.445 0.223 0.168
0.668 0.268 0.068 0.001
0.144 0.144 0.358 0.358
0.468 0.268 0.268 0.001
0.401 0.451 0.151 0.001
0.001 0.232 0.309 0.463
0.001 0.001 0.241 0.761
0.001 0.001 0.301 0.701
0.137 0.365 0.456 0.046
0.001 0.001 0.119 0.883
0.001 0.035 0.07 0.898
0.001 0.001 0.155 0.847
0.413 0.177 0.119 0.295
0.001 0.051 0.301 0.651
0.287 0.072 0.43 0.215
0.721 0.121 0.121 0.041
0.853 0.075 0.075 0.001
0.189 0.126 0.189 0.501
0.001 0.001 0.001 1.001
0.06 0.06 0.177 0.707
0.948 0.001 0.054 0.001
0.319 0.228 0.228 0.228
0.159 0.159 0.369 0.317
0.049 0.049 0.525 0.382
0.054 0.001 0.159 0.79
0.001 0.155 0.347 0.501
0.001 0.001 0.112 0.89
0.063 0.439 0.501 0.001
0.001 0.144 0.787 0.072
0.001 0.251 0.551 0.201
0.201 0.481 0.281 0.041
0.001 0.001 0.001 1.001
0.063 0.063 0.126 0.751
0.001 0.063 0.063 0.876
0.001 0.051 0.151 0.801
0.001 0.001 0.001 1.001
0.001 0.001 0.126 0.876
0.144 0.763 0.096 0.001
0.057 0.668 0.279 0.001
0.001 0.106 0.054 0.843
0.382 0.239 0.334 0.049
0.049 0.191 0.62 0.144
0.001 0.177 0.707 0.119
0.001 0.092 0.046 0.865
0.001 0.106 0.422 0.475
0.001 0.001 0.58 0.422
0.001 0.287 0.62 0.096
0.001 0.264 0.738 0.001
0.051 0.351 0.601 0.001
0.001 0.001 0.566 0.436
0.001 0.06 0.354 0.589
0.001 0.051 0.451 0.501
0.001 0.001 0.334 0.668
0.001 0.049 0.049 0.906
0.763 0.096 0.096 0.049
0.001 0.043 0.251 0.709
0.001 0.001 0.168 0.834
0.334 0.168 0.168 0.334
0.057 0.057 0.445 0.445
0.001 0.06 0.472 0.472
0.001 0.321 0.481 0.201
0.001 0.041 0.161 0.801
0.001 0.001 0.313 0.689
0.001 0.06 0.236 0.707
0.001 0.044 0.392 0.566
0.001 0.175 0.61 0.218
0.001 0.168 0.834 0.001
0.001 0.049 0.525 0.43
0.001 0.101 0.601 0.301
0.001 0.057 0.723 0.223
0.001 0.054 0.317 0.633
0.001 0.096 0.239 0.668
0.001 0.106 0.054 0.843
0.827 0.088 0.088 0.001
0.239 0.239 0.239 0.287
0.001 0.001 0.201 0.801
0.001 0.001 0.317 0.685
0.001 0.046 0.228 0.728
0.001 0.001 0.334 0.668
0.001 0.078 0.693 0.232
0.001 0.001 0.475 0.527
0.001 0.039 0.232 0.732
0.819 0.046 0.137 0.001
0.151 0.551 0.251 0.051
0.06 0.53 0.295 0.119
0.057 0.779 0.168 0.001
0.001 0.001 0.168 0.834
0.305 0.523 0.175 0.001
