0 50 99 100
0 0.143 0.381 0.476
0.158 0.211 0.316 0.316
0.167 0.444 0.222 0.167
0.667 0.267 0.067 0
0.143 0.143 0.357 0.357
0.467 0.267 0.267 0
0.4 0.45 0.15 0
0 0.231 0.308 0.462
0 0 0.24 0.76
0 0 0.3 0.7
0.136 0.364 0.455 0.045
0 0 0.118 0.882
0 0.034 0.069 0.897
0 0 0.154 0.846
0.412 0.176 0.118 0.294
0 0.05 0.3 0.65
0.286 0.071 0.429 0.214
0.72 0.12 0.12 0.04
0.852 0.074 0.074 0
0.188 0.125 0.188 0.5
0 0 0 1
0.059 0.059 0.176 0.706
0.947 0 0.053 0
0.318 0.227 0.227 0.227
0.158 0.158 0.368 0.316
0.048 0.048 0.524 0.381
0.053 0 0.158 0.789
0 0.154 0.346 0.5
0 0 0.111 0.889
0.062 0.438 0.5 0
0 0.143 0.786 0.071
0 0.25 0.55 0.2
0.2 0.48 0.28 0.04
0 0 0 1
0.062 0.062 0.125 0.75
0 0.062 0.062 0.875
0 0.05 0.15 0.8
0 0 0 1
0 0 0.125 0.875
0.143 0.762 0.095 0
0.056 0.667 0.278 0
0 0.105 0.053 0.842
0.381 0.238 0.333 0.048
0.048 0.19 0.619 0.143
0 0.176 0.706 0.118
0 0.091 0.045 0.864
0 0.105 0.421 0.474
0 0 0.579 0.421
0 0.286 0.619 0.095
0 0.263 0.737 0
0.05 0.35 0.6 0
0 0 0.565 0.435
0 0.059 0.353 0.588
0 0.05 0.45 0.5
0 0 0.333 0.667
0 0.048 0.048 0.905
0.762 0.095 0.095 0.048
0 0.042 0.25 0.708
0 0 0.167 0.833
0.333 0.167 0.167 0.333
0.056 0.056 0.444 0.444
0 0.059 0.471 0.471
0 0.32 0.48 0.2
0 0.04 0.16 0.8
0 0 0.312 0.688
0 0.059 0.235 0.706
0 0.043 0.391 0.565
0 0.174 0.609 0.217
0 0.167 0.833 0
0 0.048 0.524 0.429
0 0.1 0.6 0.3
0 0.056 0.722 0.222
0 0.053 0.316 0.632
0 0.095 0.238 0.667
0 0.105 0.053 0.842
0.826 0.087 0.087 0
0.238 0.238 0.238 0.286
0 0 0.2 0.8
0 0 0.316 0.684
0 0.045 0.227 0.727
0 0 0.333 0.667
0 0.077 0.692 0.231
0 0 0.474 0.526
0 0.038 0.231 0.731
0.818 0.045 0.136 0
0.15 0.55 0.25 0.05
0.059 0.529 0.294 0.118
0.056 0.778 0.167 0
0 0 0.167 0.833
0.304 0.522 0.174 0
