(list 15 15 15 1 5 8 13 14 14 15 15 12 10 15 15 9 15 11 15 7 15)
(list 7 0 15 12 15 10 8 0 15 0 8 7 9 15 9 5 15 15)
(list 8 12 0 5 0 15 3 3 10 2 2 3 13 6 15 15 0 2)
(list 7 0 0 0 0 8 0 0 0 0 1 6 7 0 0)
(list 3 14 7 0 15 15 13 12 15 15 13 12 0 15)
(list 3 0 0 7 0 2 0 8 9 0 10 0 5 4 8 0 2 0 0 8 0 9 0 0 0 0 2 8 12)
(list 0 0 5 1 1 3 0 0 3 12 0 0 3 1 8 11 0 3 1 0)
(list 15 15 6 15 15 15 12 15 10 3 14 9)
(list 15 15 13 15 15 15 15 15 15 15 15 9 15 12 15 15 15 12 15 15 13 14 15 15 15)
(list 11 15 15 12 15 15 15 15 12 15 15 15 15 15 15 12 15 13 15 10)
(list 8 4 0 9 4 15 8 6 11 14 5 10 10 6 10 7 0 8 7 0 9)
(list 15 15 15 15 15 15 15 15 15 15 15 14 15 14 15 15 15)
(list 15 15 15 15 15 15 15 15 15 15 15 15 15 15 14 15 11 15 15 15 15 15 15 15 15 15 15 15)
(list 15 15 15 15 15 15 14 15 15 15 13 15 15)
(list 0 0 2 0 6 15 0 1 0 8 15 15 0 15 0 8 15)
(list 15 15 15 11 15 15 10 15 15 15 3 14 15 12 15 10 15 13 15 15)
(list 12 0 10 15 15 3 8 10 0 0 15 11 0 12)
(list 0 15 0 4 0 0 0 0 0 13 0 0 0 0 0 0 0 13 0 3 9 0 0 0)
(list 0 0 0 0 0 0 0 8 0 0 0 0 0 0 0 0 0 0 0 13 0 0 4 0 5 0 0)
(list 0 15 15 15 0 0 14 15 15 8 15 2 15 15 11)
(list 15 15 15 15 15 15 15 15 15 15 15 15 15 15 15 15)
(list 15 15 15 13 15 9 15 5 15 0 15 15 15 15 14 15 15)
(list 0 0 0 0 0 0 9 0 0 0 0 0 0 0 0 0 0 0 0)
(list 15 15 15 0 11 0 14 0 15 0 5 0 6 11 0 0 15 11 4 3 14)
(list 0 3 5 15 8 15 15 15 10 1 8 12 0 10 15 15 10 0 9)
(list 12 11 13 14 15 10 15 14 15 0 15 15 10 14 13 13 15 15 15 10)
(list 15 11 15 15 14 15 15 15 15 0 15 15 15 11 15 15 15 15 15)
(list 10 15 12 15 15 4 7 15 15 11 15 11 15 14 15 15 8 15 15 13 12 3 15 12 15)
(list 15 15 15 15 15 15 15 15 14 15 15 15 15 15 15 12 15 15)
(list 3 10 9 10 12 1 9 3 2 5 9 12 6 11 4 0)
(list 12 8 9 8 4 8 10 8 12 10 9 15 1 8)
(list 10 8 8 11 5 15 8 3 11 8 8 14 15 15 9 6 15 5 10)
(list 5 7 0 1 0 10 2 15 10 5 7 0 4 7 8 8 0 2 9 5 8 10 3 0 5)
(list 15 15 15 15 15 15 15 15 15 15 15 15 15 15 15 15 15 15 15 15 15 15 15 15 15 15 15)
(list 15 15 15 15 15 15 15 9 0 13 15 15 15 15 15)
(list 15 15 15 15 15 13 15 15 15 15 15 15 6 15 15 15)
(list 15 15 15 15 15 10 8 15 15 15 15 15 9 15 15 15 15 15 15)
(list 15 15 15 15 15 15 15 15 15 15 15 15 15 15 15)
(list 15 15 15 15 15 13 15 15 15 15 13 15 15 15 15 15 15 15 13 15 15 15 15 15)
(list 1 4 0 4 2 1 6 5 3 2 2 0 2 1 10 5 7 0 2 8 6)
(list 4 4 1 3 13 10 2 11 2 3 7 8 11 0 2 3 2)
(list 15 15 15 11 15 15 7 15 15 15 15 15 15 15 2 15 15 15 15)
(list 8 10 0 1 10 0 0 12 8 0 8 7 12 0 0 0 1 0 5 6 15)
(list 7 6 9 12 12 13 10 13 15 11 3 15 0 12 10 13 15 10 10 5 8)
(list 14 15 14 14 10 13 13 7 12 13 15 7 11 13 12 12)
(list 14 15 15 15 15 15 15 15 15 15 15 15 15 6 15 15 15 15 15 15 15)
(list 15 6 15 15 14 15 15 15 5 10 9 9 15 14 14 9 14 15 15)
(list 15 15 15 13 12 15 8 8 11 14 15 15 15 8 13 12 9 11 15)
(list 8 3 11 7 13 10 8 14 12 6 8 11 9 15 5 9 10 5 5 9 15)
(list 6 7 6 10 8 10 12 10 9 12 8 8 12 5 8 5 10 11)
(list 7 8 7 7 11 10 10 8 5 5 8 8 7 0 11 3 8 12 8 9)
(list 12 15 12 15 14 15 15 13 15 14 13 10 15 8 12 15 15 12 13 15 9 14 15)
(list 15 15 14 15 15 9 14 15 14 8 15 15 15 13 15 15)
(list 9 14 15 15 15 15 13 15 15 15 15 7 10 14 15 14 10 11 10 15)
(list 15 15 15 15 12 9 15 15 13 15 13 15 15 15 15 13 12 15)
(list 15 15 15 15 15 15 13 15 15 15 15 15 15 15 15 15 15 15 15 15)
(list 6 0 0 0 0 0 15 0 0 0 0 0 0 10 13 0 0 6 0 0 0)
(list 13 15 14 15 15 15 14 15 15 15 15 14 15 15 15 10 15 15 15 14 15 15 15)
(list 15 15 14 9 15 15 9 15 15 15 15 15 15 15 15 15 15 15)
(list 15 15 0 14 7 15 13 7 0 5 15 15 0 14 0 15 0 0)
(list 3 15 15 12 13 12 15 15 8 9 14 9 14 0 15 15 15 15)
(list 15 15 15 15 14 7 15 13 15 9 8 13 14 15 9 15 14)
(list 12 3 4 13 15 15 12 10 3 7 8 12 8 4 9 10 10 15 8 15 15 6 3 9)
(list 12 15 15 15 14 15 15 15 15 15 15 15 13 12 15 15 15 15 15 15 15 15 15 15)
(list 15 15 12 15 8 15 15 15 11 15 12 15 15 14 15 15)
(list 15 15 15 14 14 15 15 4 15 15 10 15 8 15 15 15 15)
(list 15 15 7 15 15 12 15 13 11 15 14 15 15 10 15 15 9 14 14 13 15 15 15)
(list 8 7 15 13 9 8 14 13 10 15 11 13 13 7 2 10 9 15 15 10 15 9)
(list 8 6 8 12 14 8 12 8 3 14 11 12)
(list 11 15 15 1 10 15 12 14 15 15 10 11 15 10 13 15 11 15 13 11 15)
(list 8 15 12 10 13 14 15 8 13 15 10 5 13 15 8 15 13 14 15)
(list 13 13 10 15 8 15 12 11 15 11 10 10 9 7 12 8 15 13)
(list 15 15 15 14 15 15 14 12 15 15 15 7 15 15 15 15 12 8 14)
(list 15 15 15 12 15 15 7 15 15 15 15 15 15 15 10 11 15 11 14 15)
(list 15 7 15 15 15 15 15 14 15 15 15 15 15 7 15 15 15 15 15)
(list 0 0 0 0 0 0 0 0 0 0 0 0 0 2 10 0 12 0 0 0 0 0)
(list 15 15 0 15 7 12 0 10 7 8 8 6 15 0 0 15 0 3 12 15 1)
(list 15 15 15 15 15 15 15 15 15 14 15 10 8 15 15)
(list 15 15 15 15 14 14 14 15 15 15 15 15 12 15 12 15 15 15 14)
(list 9 15 15 14 15 15 15 12 15 10 15 15 15 9 15 15 15 15 15 15 15)
(list 15 15 14 15 14 8 15 15 15 15 13 15 15 15 15 14 14 15)
(list 15 14 8 11 9 9 11 15 13 5 13 13 15)
(list 11 15 14 15 14 13 15 15 15 15 15 15 11 12 14 14 15 10 15)
(list 15 15 14 15 15 15 15 15 15 13 11 15 15 12 15 15 15 13 15 12 15 15 15 15 15)
(list 0 0 0 8 0 0 0 0 0 0 0 9 9 0 0 0 0 0 0 0 0)
(list 15 1 5 8 1 3 0 13 11 11 3 0 1 2 2 5 2 8 1 0)
(list 5 11 3 8 15 2 9 7 5 5 10 15 1 9 5 7 0)
(list 6 2 3 4 10 2 8 5 0 5 8 6 7 7 5 6 2 6)
(list 15 15 15 15 14 15 15 15 15 13 15 15 15 9 15 15 15 15)
(list 4 7 3 0 11 8 1 8 0 8 5 7 1 6 0 7 0 3 0 0 0 7)
