0 50 99 100
0.001 0.191 0.763 0.049
0.144 0.239 0.43 0.191
0.177 0.413 0.354 0.06
0.479 0.392 0.088 0.044
0.101 0.401 0.351 0.151
0.251 0.563 0.189 0.001
0.232 0.732 0.039 0.001
0.001 0.106 0.738 0.159
0.001 0.001 0.43 0.572
0.001 0.126 0.376 0.501
0.001 0.738 0.212 0.054
0.001 0.063 0.563 0.376
0.001 0.001 0.317 0.685
0.001 0.043 0.251 0.709
0.376 0.376 0.063 0.189
0.001 0.001 0.459 0.543
0.001 0.313 0.563 0.126
0.651 0.151 0.201 0.001
0.61 0.218 0.088 0.088
0.044 0.088 0.305 0.566
0.001 0.078 0.232 0.693
0.041 0.041 0.441 0.481
0.697 0.262 0.001 0.044
0.051 0.251 0.401 0.301
0.001 0.287 0.501 0.215
0.001 0.215 0.501 0.287
0.001 0.044 0.392 0.566
0.001 0.057 0.279 0.668
0.001 0.001 0.191 0.811
0.001 0.601 0.351 0.051
0.001 0.264 0.527 0.212
0.101 0.251 0.651 0.001
0.251 0.451 0.251 0.051
0.001 0.001 0.168 0.834
0.126 0.063 0.376 0.439
0.001 0.001 0.251 0.751
0.001 0.063 0.251 0.689
0.001 0.054 0.212 0.738
0.001 0.001 0.201 0.801
0.063 0.813 0.126 0.001
0.001 0.834 0.168 0.001
0.001 0.232 0.27 0.501
0.287 0.191 0.525 0.001
0.001 0.369 0.58 0.054
0.001 0.201 0.701 0.101
0.001 0.001 0.39 0.612
0.001 0.228 0.637 0.137
0.001 0.001 0.738 0.264
0.001 0.445 0.501 0.057
0.001 0.168 0.793 0.043
0.001 0.53 0.413 0.06
0.001 0.001 0.766 0.236
0.001 0.001 0.668 0.334
0.001 0.212 0.527 0.264
0.001 0.354 0.236 0.413
0.001 0.001 0.106 0.896
0.584 0.251 0.168 0.001
0.001 0.039 0.424 0.539
0.001 0.068 0.268 0.668
0.212 0.106 0.422 0.264
0.144 0.144 0.501 0.215
0.001 0.295 0.354 0.354
0.035 0.242 0.553 0.173
0.001 0.001 0.262 0.74
0.001 0.063 0.376 0.563
0.001 0.051 0.501 0.451
0.001 0.201 0.551 0.251
0.001 0.236 0.53 0.236
0.001 0.41 0.592 0.001
0.072 0.072 0.644 0.215
0.001 0.209 0.626 0.168
0.001 0.228 0.592 0.183
0.001 0.046 0.365 0.592
0.001 0.051 0.701 0.251
0.001 0.001 0.334 0.668
0.648 0.295 0.06 0.001
0.201 0.241 0.481 0.081
0.112 0.057 0.112 0.723
0.054 0.054 0.685 0.212
0.001 0.043 0.459 0.501
0.063 0.063 0.376 0.501
0.001 0.134 0.534 0.334
0.001 0.001 0.648 0.354
0.001 0.001 0.715 0.287
0.683 0.092 0.092 0.137
0.057 0.834 0.112 0.001
0.106 0.685 0.159 0.054
0.112 0.779 0.112 0.001
0.001 0.084 0.459 0.459
0.112 0.834 0.057 0.001
