0 50 99 100
0 0.19 0.762 0.048
0.143 0.238 0.429 0.19
0.176 0.412 0.353 0.059
0.478 0.391 0.087 0.043
0.1 0.4 0.35 0.15
0.25 0.562 0.188 0
0.231 0.731 0.038 0
0 0.105 0.737 0.158
0 0 0.429 0.571
0 0.125 0.375 0.5
0 0.737 0.211 0.053
0 0.062 0.562 0.375
0 0 0.316 0.684
0 0.042 0.25 0.708
0.375 0.375 0.062 0.188
0 0 0.458 0.542
0 0.312 0.562 0.125
0.65 0.15 0.2 0
0.609 0.217 0.087 0.087
0.043 0.087 0.304 0.565
0 0.077 0.231 0.692
0.04 0.04 0.44 0.48
0.696 0.261 0 0.043
0.05 0.25 0.4 0.3
0 0.286 0.5 0.214
0 0.214 0.5 0.286
0 0.043 0.391 0.565
0 0.056 0.278 0.667
0 0 0.19 0.81
0 0.6 0.35 0.05
0 0.263 0.526 0.211
0.1 0.25 0.65 0
0.25 0.45 0.25 0.05
0 0 0.167 0.833
0.125 0.062 0.375 0.438
0 0 0.25 0.75
0 0.062 0.25 0.688
0 0.053 0.211 0.737
0 0 0.2 0.8
0.062 0.812 0.125 0
0 0.833 0.167 0
0 0.231 0.269 0.5
0.286 0.19 0.524 0
0 0.368 0.579 0.053
0 0.2 0.7 0.1
0 0 0.389 0.611
0 0.227 0.636 0.136
0 0 0.737 0.263
0 0.444 0.5 0.056
0 0.167 0.792 0.042
0 0.529 0.412 0.059
0 0 0.765 0.235
0 0 0.667 0.333
0 0.211 0.526 0.263
0 0.353 0.235 0.412
0 0 0.105 0.895
0.583 0.25 0.167 0
0 0.038 0.423 0.538
0 0.067 0.267 0.667
0.211 0.105 0.421 0.263
0.143 0.143 0.5 0.214
0 0.294 0.353 0.353
0.034 0.241 0.552 0.172
0 0 0.261 0.739
0 0.062 0.375 0.562
0 0.05 0.5 0.45
0 0.2 0.55 0.25
0 0.235 0.529 0.235
0 0.409 0.591 0
0.071 0.071 0.643 0.214
0 0.208 0.625 0.167
0 0.227 0.591 0.182
0 0.045 0.364 0.591
0 0.05 0.7 0.25
0 0 0.333 0.667
0.647 0.294 0.059 0
0.2 0.24 0.48 0.08
0.111 0.056 0.111 0.722
0.053 0.053 0.684 0.211
0 0.042 0.458 0.5
0.062 0.062 0.375 0.5
0 0.133 0.533 0.333
0 0 0.647 0.353
0 0 0.714 0.286
0.682 0.091 0.091 0.136
0.056 0.833 0.111 0
0.105 0.684 0.158 0.053
0.111 0.778 0.111 0
0 0.083 0.458 0.458
0.111 0.833 0.056 0
