alternatives
nullutterance,some,all,none,
0.1983746,0.1151039,0.0549496,0.0752798,0.060396,0.0612359,0.0790296,0.1398398,0.1145206,0.0387253,0.0196508,0.0293585,0.0093293,0.0029647,0.0009422,0.0002995,
qud,how-many
speaker-opt,1
1,2,3,4,5,6,7,8,9,10,11,12,13,14,15,,0.14364168846843423,0.06857329182299705,0.09394397218135984,0.07537002149136167,0.07641815847146957,0.09862346265404533,0.17451037703403738,0.14291377050141793,0.04832649005330533,0.024522836252772552,0.03663737293784596,0.011642319714871195,0.0036997400939704616,0.0011758002889125268,6.980331990082521e-7,
speaker-opt,2
1,2,3,4,5,6,7,8,9,10,11,12,13,14,15,,0.14364178860728452,0.06857333962841261,0.09394403767377692,0.07537007403507215,0.0764182117458818,0.09862353140873822,0.17451049869278917,0.14291387013280507,0.04832652374379731,0.02452285334870521,0.03663739847934752,0.011642327831237158,0.003699742673219724,0.0011758011086138989,8.903188416800688e-10,
speaker-opt,3
1,2,3,4,5,6,7,8,9,10,11,12,13,14,15,,0.1436417887349886,0.06857333968937736,0.09394403775729725,0.07537007410207949,0.07641821181382098,0.09862353149641893,0.17451049884793662,0.14291387025986174,0.04832652378676175,0.02452285337050712,0.036637398511919834,0.011642327841587717,0.00369974267650896,0.0011758011096592385,1.2746201330526727e-12,
