alternatives
some,all,none,
item
blabla
0.1983746,0.1151039,0.0549496,0.0752798,0.060396,0.0612359,0.0790296,0.1398398,0.1145206,0.0387253,0.0196508,0.0293585,0.0093293,0.0029647,0.0009422,0.0002995,
qud,how-many
speaker-opt,0
1,2,3,4,5,6,7,8,9,10,11,12,13,14,15,,0.14361495029637517,0.06856052725238411,0.0939264849872251,0.07535599174397978,0.07640393361870275,0.09860510439648361,0.17447789281210316,0.14288716782759803,0.04831749432219252,0.02451827145113249,0.036630553076621476,0.011640152556081702,0.003699051406109292,0.00117558141964994,0.00018684283336083468,
speaker-opt,1
1,2,3,4,5,6,7,8,9,10,11,12,13,14,15,,0.14363843338176366,0.06857173787295269,0.09394184330237715,0.07536831351956795,0.0764164267476805,0.09862122773240029,0.17450642242720837,0.14291053191020986,0.048325394919188754,0.024522280536961486,0.036636542692632564,0.011642055886451176,0.0036996562535840634,0.0011757736439190834,0.00002335917310243083,
speaker-opt,2
1,2,3,4,5,6,7,8,9,10,11,12,13,14,15,,0.1436415511828714,0.06857322628406429,0.093943882394396,0.07536994945645369,0.0764180854348045,0.0986233683946578,0.17451021024572141,0.14291363391156287,0.04832644386525606,0.02452281281506855,0.0366373379216719,0.011642308587722586,0.003699736557943377,0.0011757991651412459,0.0000016537826643714843,
speaker-opt,3
1,2,3,4,5,6,7,8,9,10,11,12,13,14,15,,0.1436417728326529,0.06857333209774076,0.0939440273569144,0.07537006575798826,0.07641820335369219,0.09862352057797716,0.1745104795281794,0.14291385443811297,0.04832651843661537,0.02452285065562414,0.03663739445585633,0.011642326552685604,0.0036997422669168114,0.0011758009794883197,1.1070955535545502e-7,
