1.000000001 0.000000001 0.000000001 0.000000001 0.000000001 0.000000001 0.000000001 0.000000001 0.000000001 0.000000001 0.000000001 0.000000001 0.000000001 0.000000001 0.000000001 0.000000001
0.0645161300322581 0.0698924741182796 0.0698924741182796 0.0591397859462366 0.0591397859462366 0.0591397859462366 0.0698924741182796 0.0752688182043011 0.0645161300322581 0.0591397859462366 0.0591397859462366 0.0591397859462366 0.0591397859462366 0.0591397859462366 0.0591397859462366 0.0537634418602151
0.0365853668536585 0.0365853668536585 0.0426829278292683 0.0609756107560976 0.0365853668536585 0.0426829278292683 0.0548780497804878 0.0609756107560976 0.0792682936829268 0.0670731717317073 0.0609756107560976 0.0670731717317073 0.0792682936829268 0.0914634156341463 0.0792682936829268 0.103658537585366
0.307407408407407 0.0518518528518518 0.0518518528518518 0.0481481491481481 0.0481481491481481 0.0592592602592593 0.0703703713703704 0.0666666676666667 0.0666666676666667 0.0592592602592593 0.0407407417407407 0.0407407417407407 0.0296296306296296 0.0222222232222222 0.0222222232222222 0.0148148158148148
0.0730837799661319 0.0748663111604278 0.071301248771836 0.071301248771836 0.0766488423547237 0.0855614983262032 0.089126560714795 0.0802139047433155 0.071301248771836 0.0659536551889483 0.0570409992174688 0.053475936828877 0.0409982184688057 0.035650624885918 0.0303030313030303 0.0231729065258467
0.0310077529379845 0.0645994842041344 0.0645994842041344 0.0645994842041344 0.0645994842041344 0.0645994842041344 0.0645994842041344 0.0645994842041344 0.0645994842041344 0.0645994842041344 0.0645994842041344 0.0645994842041344 0.0645994842041344 0.0645994842041344 0.0645994842041344 0.0645994842041344
0.030808730139923 0.0654685504223363 0.0680359445173299 0.0641848533748395 0.0629011563273427 0.0629011563273427 0.0629011563273427 0.061617459279846 0.061617459279846 0.0641848533748395 0.0629011563273427 0.0641848533748395 0.0641848533748395 0.0667522474698331 0.0706033386123235 0.0667522474698331
1.000000001 0.000000001 0.000000001 0.000000001 0.000000001 0.000000001 0.000000001 0.000000001 0.000000001 0.000000001 0.000000001 0.000000001 0.000000001 0.000000001 0.000000001 0.000000001
0.0603674550682415 0.0616797910262467 0.0603674550682415 0.0603674550682415 0.0603674550682415 0.0590551191102362 0.062992126984252 0.0643044629422572 0.0656167989002625 0.062992126984252 0.062992126984252 0.062992126984252 0.062992126984252 0.062992126984252 0.0656167989002625 0.0643044629422572
0.135359117022099 0.198895028624309 0.25414364740884 0.196132597685083 0.11878453138674 0.069060774480663 0.0276243103922652 0.000000001 0.000000001 0.000000001 0.000000001 0.000000001 0.000000001 0.000000001 0.000000001 0.000000001
0.105596621908131 0.102428723280887 0.105596621908131 0.0538542776631468 0.0570221762903907 0.0517423452449842 0.0538542776631468 0.0527983114540655 0.0527983114540655 0.0527983114540655 0.0527983114540655 0.0517423452449842 0.0527983114540655 0.0517423452449842 0.0506863790359028 0.0517423452449842
0.853448276862069 0.00862069065517241 0.00862069065517241 0.00862069065517241 0.00862069065517241 0.00862069065517241 0.00862069065517241 0.00862069065517241 0.00862069065517241 0.000000001 0.0172413803103448 0.0172413803103448 0.00862069065517241 0.0258620699655172 0.00862069065517241 0.000000001
0.062500001 0.062500001 0.062500001 0.062500001 0.062500001 0.062500001 0.062500001 0.062500001 0.062500001 0.062500001 0.062500001 0.062500001 0.062500001 0.062500001 0.062500001 0.062500001
0.0601398611398601 0.0601398611398601 0.0601398611398601 0.0629370639370629 0.0657342667342657 0.0573426583426573 0.0559440569440559 0.0545454555454545 0.0573426583426573 0.0573426583426573 0.0573426583426573 0.0615384625384615 0.0657342667342657 0.0643356653356643 0.0685314695314685 0.0909090919090909
0.0701754395964912 0.0584795331637427 0.0467836267309942 0.0584795331637427 0.064327486380117 0.0584795331637427 0.0584795331637427 0.0584795331637427 0.064327486380117 0.0701754395964912 0.0760233928128655 0.0701754395964912 0.0584795331637427 0.0584795331637427 0.0701754395964912 0.0584795331637427
0.00778210216731518 0.0272373550856031 0.0389105068365759 0.0544747091712062 0.066147860922179 0.0817120632568093 0.0972762655914397 0.11284046792607 0.118677043801556 0.105058366758755 0.0875486391322957 0.075875487381323 0.0603112850466926 0.0389105068365759 0.0194552539182879 0.00778210216731518
0.0950226254343891 0.0935143298084465 0.085972851678733 0.0844645560527904 0.081447964800905 0.0799396691749623 0.0769230779230769 0.0678733041674208 0.0648567129155354 0.0633484172895928 0.057315234785822 0.0497737566561086 0.0407239829004525 0.0331825047707391 0.0196078441372549 0.00603318350377074
0.830508475576271 0.00847457727118644 0.00847457727118644 0.00847457727118644 0.000000001 0.00847457727118644 0.0169491535423729 0.0169491535423729 0.0169491535423729 0.0169491535423729 0.0169491535423729 0.00847457727118644 0.00847457727118644 0.00847457727118644 0.0169491535423729 0.00847457727118644
0.0532467542467532 0.0584415594415584 0.0597402607402597 0.0571428581428571 0.061038962038961 0.0623376633376623 0.0597402607402597 0.0662337672337662 0.0636363646363636 0.0636363646363636 0.0675324685324675 0.0662337672337662 0.0636363646363636 0.0636363646363636 0.0662337672337662 0.0675324685324675
0.0555555565555556 0.111111112111111 0.0555555565555556 0.000000001 0.0555555565555556 0.111111112111111 0.111111112111111 0.111111112111111 0.111111112111111 0.111111112111111 0.111111112111111 0.000000001 0.0555555565555556 0.000000001 0.000000001 0.000000001
