0.0641848533748395 0.0629011563273427 0.0641848533748395 0.0641848533748395 0.061617459279846 0.061617459279846 0.0641848533748395 0.0629011563273427 0.061617459279846 0.0629011563273427 0.0629011563273427 0.0629011563273427 0.061617459279846 0.061617459279846 0.0603337622323492 0.0603337622323492
0.0587084158727984 0.0587084158727984 0.060665363035225 0.0596868894540117 0.060665363035225 0.060665363035225 0.060665363035225 0.0616438366164384 0.0616438366164384 0.0626223101976517 0.063600783778865 0.063600783778865 0.0655577309412916 0.0655577309412916 0.0684931516849315 0.0675146781037182
0.691729324308271 0.0225563919774436 0.0300751889699248 0.0300751889699248 0.0225563919774436 0.0225563919774436 0.0225563919774436 0.0300751889699248 0.0225563919774436 0.0225563919774436 0.0150375949849624 0.0225563919774436 0.0150375949849624 0.0150375949849624 0.0075187979924812 0.0075187979924812
0.0155586997270156 0.0650636502220651 0.057991514437058 0.0806223489490806 0.074964640321075 0.0622347959080622 0.0650636502220651 0.0650636502220651 0.0650636502220651 0.0636492230650637 0.0636492230650637 0.0636492230650637 0.0650636502220651 0.0636492230650637 0.0650636502220651 0.0636492230650637
0.00775193898449612 0.0193798459612403 0.0271317839457364 0.0503875978992248 0.0503875978992248 0.062015504875969 0.0503875978992248 0.0542635668914729 0.0542635668914729 0.0503875978992248 0.062015504875969 0.0658914738682171 0.0736434118527132 0.0891472878217054 0.0891472878217054 0.193798450612403
0.493506494506494 0.038961039961039 0.038961039961039 0.038961039961039 0.0454545464545455 0.038961039961039 0.0324675334675325 0.0324675334675325 0.025974026974026 0.0324675334675325 0.0324675334675325 0.0324675334675325 0.0324675334675325 0.025974026974026 0.0324675334675325 0.025974026974026
0.125739645970414 0.109467456621302 0.0976331370946746 0.0843195276272189 0.0784023678639053 0.0710059181597633 0.0665680483372781 0.0621301785147929 0.0547337288106509 0.0488165690473373 0.0473372791065089 0.0458579891656805 0.0399408294023669 0.0325443796982249 0.0236686400532544 0.0118343205266272
0.000000001 0.0275590561181102 0.0275590561181102 0.0551181112362205 0.0590551191102362 0.0748031506062992 0.0826771663543307 0.094488189976378 0.118110237220472 0.094488189976378 0.078740158480315 0.062992126984252 0.0590551191102362 0.062992126984252 0.0551181112362205 0.047244095488189
0.0333333343333333 0.0333333343333333 0.0666666676666667 0.0666666676666667 0.0333333343333333 0.0666666676666667 0.0666666676666667 0.0666666676666667 0.0666666676666667 0.100000001 0.100000001 0.100000001 0.000000001 0.100000001 0.100000001 0.000000001
0.0614805530702635 0.0614805530702635 0.0614805530702635 0.0627352582145546 0.0627352582145546 0.0627352582145546 0.0627352582145546 0.0627352582145546 0.0627352582145546 0.0627352582145546 0.0627352582145546 0.0627352582145546 0.0627352582145546 0.0627352582145546 0.0627352582145546 0.0627352582145546
0.215419502133787 0.192743765172336 0.0816326540612245 0.0748299329727891 0.0702947855804989 0.0634920644920635 0.0566893434036281 0.0498866223151927 0.0453514749229025 0.0408163275306122 0.0340136064421769 0.0272108853537415 0.0204081642653061 0.0158730168730159 0.0090702957845805 0.00226757469614512
0.0141509443962264 0.0141509443962264 0.0141509443962264 0.0141509443962264 0.0188679255283019 0.0188679255283019 0.0235849066603774 0.0283018877924528 0.0377358500566038 0.0377358500566038 0.0424528311886792 0.0566037745849057 0.0707547179811321 0.0849056613773585 0.113207548169811 0.410377359490566
0.0592783515154639 0.0605670113092783 0.0592783515154639 0.0618556711030928 0.0618556711030928 0.0618556711030928 0.0618556711030928 0.0618556711030928 0.0631443308969072 0.0631443308969072 0.0618556711030928 0.0631443308969072 0.0644329906907217 0.0644329906907217 0.0657216504845361 0.0657216504845361
0.0307443375695793 0.0372168294789644 0.0420711984110032 0.0436893213883495 0.0469255673430421 0.0501618132977346 0.0550161822297735 0.0566343052071197 0.0631067971165049 0.0728155349805825 0.0809061498673139 0.0809061498673139 0.0825242728446602 0.0857605187993528 0.0857605187993528 0.0857605187993528
0.0598591559295775 0.0563380291690141 0.0598591559295775 0.0669014094507042 0.0598591559295775 0.0598591559295775 0.0633802826901408 0.0598591559295775 0.0633802826901408 0.0633802826901408 0.0633802826901408 0.0633802826901408 0.0633802826901408 0.0669014094507042 0.0633802826901408 0.0669014094507042
0.0833333343333333 0.145833334333333 0.129807693307692 0.115384616384615 0.0993589753589744 0.0833333343333333 0.0689102574102564 0.0448717958717949 0.0432692317692308 0.0384615394615385 0.0336538471538462 0.0320512830512821 0.0272435907435897 0.0224358984358974 0.0176282061282051 0.0144230779230769
0.0590909100909091 0.0590909100909091 0.0613636373636364 0.0636363646363636 0.0636363646363636 0.0636363646363636 0.0659090919090909 0.0590909100909091 0.0613636373636364 0.0636363646363636 0.0613636373636364 0.0636363646363636 0.0636363646363636 0.0636363646363636 0.0636363646363636 0.0636363646363636
0.200435730847495 0.16557734304793 0.14161220143573 0.113289761348584 0.0871459704989107 0.0675381273616558 0.0566448811742919 0.0479302842244009 0.0305010903246187 0.0217864933747277 0.0130718964248366 0.0108932471873638 0.0108932471873638 0.0108932471873638 0.0108932471873638 0.0108932471873638
0.0939226529337017 0.0883977910552486 0.0883977910552486 0.0856353601160221 0.0828729291767956 0.080110498237569 0.0773480672983426 0.0718232054198895 0.0662983435414365 0.0607734816629834 0.0469613269668508 0.0414364650883978 0.0386740341491713 0.0331491722707182 0.0248618794530387 0.0193370175745856
0.153191490361702 0.0808510648297872 0.0787234052553192 0.0787234052553192 0.0765957456808511 0.0723404265319149 0.0680851073829787 0.0638297882340425 0.0574468095106383 0.0553191499361702 0.048936171212766 0.0446808520638298 0.0382978733404255 0.0319148946170213 0.0276595754680851 0.0234042563191489
0.341085272317829 0.0465116289069767 0.0465116289069767 0.0426356599147287 0.0465116289069767 0.0465116289069767 0.0503875978992248 0.0542635668914729 0.0348837219302326 0.0503875978992248 0.0348837219302326 0.0465116289069767 0.0465116289069767 0.0426356599147287 0.0387596909224806 0.0310077529379845
