0.000000001 0.000000001 0.000000001 0.000000001 0.000000001 0.000000001 0.000000001 0.0195729547366548 0.0587188622099644 0.106761566836299 0.129893239434164 0.149466193170818 0.160142349754448 0.169039146907473 0.133451958295374 0.0729537376548043
0.0230769240769231 0.0269230779230769 0.100000001 0.0615384625384615 0.0423076933076923 0.0307692317692308 0.0307692317692308 0.0423076933076923 0.0384615394615385 0.0192307702307692 0.0461538471538461 0.0538461548461538 0.0384615394615385 0.0461538471538461 0.0346153856153846 0.365384616384615
0.0184615394615385 0.0307692317692308 0.0430769240769231 0.0553846163846154 0.0635897445897436 0.0666666676666667 0.0728205138205128 0.0728205138205128 0.0717948727948718 0.0717948727948718 0.0728205138205128 0.0717948727948718 0.0717948727948718 0.0717948727948718 0.0717948727948718 0.0728205138205128
0.0474418614651163 0.0465116289069767 0.0474418614651163 0.0455813963488372 0.0465116289069767 0.0613953498372093 0.0632558149534884 0.0623255823953488 0.0604651172790698 0.0762790707674419 0.0753488382093023 0.0753488382093023 0.0716279079767442 0.0744186056511628 0.0744186056511628 0.0716279079767442
0.00240963955421687 0.0120481937710843 0.0168674708795181 0.0228915672650602 0.0325301214819277 0.0409638564216867 0.0493975913614458 0.0602409648554217 0.0698795190722891 0.0771084347349398 0.0843373503975904 0.0927710853373494 0.0987951817228915 0.107228916662651 0.112048193771084 0.120481928710843
0.0393343429062027 0.0423600615143722 0.0438729208184569 0.0468986394266263 0.0468986394266263 0.0499243580347958 0.0529500766429652 0.0544629359470499 0.0574886545552194 0.0620272324674735 0.0695915289878971 0.075642966204236 0.0816944034205749 0.086232981332829 0.0922844185491679 0.0983358557655068
0.031055901621118 0.0425909504232476 0.0443655733158829 0.0488021305474712 0.0559006221180124 0.0576752450106477 0.0638864251348713 0.0656610480275066 0.0665483594738243 0.0683229823664596 0.0683229823664596 0.0709849167054126 0.0727595395980479 0.0745341624906832 0.0816326540612245 0.0869565227391304
0.0344827596206897 0.0718390814597701 0.0718390814597701 0.0718390814597701 0.0718390814597701 0.0718390814597701 0.0718390814597701 0.0718390814597701 0.0718390814597701 0.0668103458275862 0.0639367826091954 0.0610632193908046 0.0567528745632184 0.0538793113448276 0.0488505757126437 0.0395114952528736
0.000000001 0.000000001 0.000000001 0.000000001 0.000000001 0.000000001 0.000000001 0.000000001 0.000000001 0.028735633183908 0.0833333343333333 0.103448276862069 0.149425288356322 0.175287357321839 0.21264367916092 0.247126437781609
0.0168067236890756 0.00840336234453782 0.0168067236890756 0.00840336234453782 0.00840336234453782 0.00840336234453782 0.00840336234453782 0.00840336234453782 0.0168067236890756 0.00840336234453782 0.0168067236890756 0.0168067236890756 0.00840336234453782 0.00840336234453782 0.00840336234453782 0.831932774109244
0.000000001 0.00880281790140845 0.0140845080422535 0.0211267615633803 0.0299295784647887 0.0369718319859155 0.0422535221267606 0.0492957756478873 0.0616197193098592 0.0757042263521127 0.0862676066338028 0.096830986915493 0.105633803816901 0.112676057338028 0.123239437619718 0.13556338128169
0.223744293237443 0.212328768123288 0.210045663100457 0.0273972612739726 0.0296803662968037 0.0296803662968037 0.0273972612739726 0.0273972612739726 0.0273972612739726 0.0296803662968037 0.0296803662968037 0.0296803662968037 0.0251141562511416 0.0251141562511416 0.0228310512283105 0.0228310512283105
0.00868306901736613 0.0159189590318379 0.0231548490463097 0.0303907390607815 0.0361794510723589 0.0434153410868307 0.0492040530984081 0.0564399431128799 0.0622286551244573 0.0723589011447178 0.0810419691620839 0.0897250371794501 0.0969609271939219 0.102749639205499 0.109985529219971 0.121562953243126
0.0829170839170829 0.0789210799210789 0.0769230779230769 0.0739260749260739 0.0709290719290709 0.0709290719290709 0.0669330679330669 0.0649350659350649 0.0619380629380619 0.0589410599410589 0.054945055945055 0.051948052948052 0.051948052948052 0.046953047953047 0.045954046954046 0.040959041959041
0.00518134815025907 0.0129533688756477 0.0336787574766839 0.0440414517772021 0.0621761668031088 0.077720208253886 0.0958549232797928 0.11139896473057 0.121761659031088 0.106217617580311 0.0958549232797928 0.0803108818290156 0.0621761668031088 0.0466321253523316 0.0310880839015544 0.0129533688756477
0.000000001 0.0896860996547085 0.0825112117623318 0.0816143507757848 0.084304933735426 0.0798206288026906 0.073542601896861 0.0645739920313901 0.0618834090717489 0.0591928261121076 0.0565022431524664 0.0547085211793722 0.0547085211793722 0.0511210772331838 0.0457399113139013 0.0600896870986547
0.0167785244899329 0.023489933885906 0.0201342291879195 0.023489933885906 0.0268456385838926 0.023489933885906 0.0268456385838926 0.0335570479798658 0.0536912761677852 0.0604026855637584 0.0671140949597315 0.0838926184496644 0.104026846637584 0.124161074825503 0.13758389361745 0.174496645295302
0.0675830479644903 0.0675830479644903 0.0675830479644903 0.0675830479644903 0.0652920972199313 0.0607101957308133 0.0595647203585338 0.0572737696139748 0.0549828188694158 0.0515463927525773 0.0446735405189003 0.0504009173802978 0.0549828188694158 0.0652920972199313 0.0778923263150057 0.0870561292932417
0.0066815154766147 0.0167037871915367 0.0278396446525612 0.0334075733830735 0.0400890878596882 0.0456570165902004 0.0512249453207127 0.0612472170356347 0.0701559030044543 0.0801781747193764 0.089086860688196 0.101336303895323 0.10467706113363 0.102449889641425 0.0913140321804009 0.0779510032271715
0.0491551469293395 0.0491551469293395 0.0522273435499232 0.0506912452396313 0.0537634418602151 0.0537634418602151 0.0552995401705069 0.0568356384807988 0.0583717367910906 0.0599078351013825 0.0614439334116744 0.0645161300322581 0.0691244249631336 0.0798771131351767 0.0890937029969278 0.0967741945483871
