0.110955057179775 0.10814606841573 0.10252809088764 0.0941011245955056 0.0912921358314607 0.0758426976292135 0.0688202257191011 0.0589887650449438 0.0533707875168539 0.0463483156067416 0.0421348324606742 0.0379213493146067 0.0323033717865169 0.0323033717865169 0.0210674167303371 0.023876405494382
0.100378788878788 0.164772728272727 0.115530304030303 0.0738636373636364 0.0681818191818182 0.0662878797878788 0.062500001 0.053030304030303 0.0473484858484848 0.0416666676666667 0.0416666676666667 0.0397727282727273 0.0359848494848485 0.0359848494848485 0.0321969706969697 0.0208333343333333
0.0776119412985075 0.0865671651791045 0.0865671651791045 0.0865671651791045 0.0865671651791045 0.0850746278656716 0.082089553238806 0.0746268666716418 0.0686567174179104 0.0567164189104478 0.0477611950298507 0.0432835830895522 0.0358208965223881 0.0328358218955224 0.0253731353283582 0.0238805980149254
0.0716145843333333 0.0716145843333333 0.0716145843333333 0.0716145843333333 0.070312501 0.0716145843333333 0.0690104176666667 0.070312501 0.0677083343333333 0.0651041676666667 0.0638020843333333 0.0598958343333333 0.0559895843333333 0.0520833343333333 0.0442708343333333 0.023437501
0.00425532014893617 0.0652482279503546 0.0808510648297872 0.0936170222765958 0.0879432634113475 0.0921985825602837 0.0907801428439716 0.0765957456808511 0.0709219868156028 0.0609929088014184 0.0581560293687943 0.0595744690851064 0.0581560293687943 0.0411347527730496 0.0312056747588652 0.0283687953262411
0.0213068191818182 0.0639204555454545 0.0653409100909091 0.0667613646363636 0.0667613646363636 0.0681818191818182 0.0639204555454545 0.0639204555454545 0.0653409100909091 0.0639204555454545 0.0639204555454545 0.0639204555454545 0.0639204555454545 0.0667613646363636 0.0681818191818182 0.0639204555454545
0.119298246614035 0.112280702754386 0.105263158894737 0.0947368431052632 0.087719299245614 0.0807017553859649 0.0701754395964912 0.0631578957368421 0.056140351877193 0.0456140360877193 0.0315789483684211 0.0315789483684211 0.0280701764385965 0.0280701764385965 0.0245614045087719 0.0210526325789474
0.094775213636695 0.0558930751190765 0.0583232087764277 0.06318347609113 0.06318347609113 0.0583232087764277 0.0607533424337789 0.0607533424337789 0.0595382756051033 0.0595382756051033 0.0619684092624544 0.0607533424337789 0.0607533424337789 0.06318347609113 0.0595382756051033 0.0595382756051033
0.0739762229286658 0.071334215002642 0.0686922070766182 0.0673712031136063 0.0660501991505944 0.0647291951875826 0.0620871872615588 0.0620871872615588 0.0607661832985469 0.0607661832985469 0.0607661832985469 0.0581241753725231 0.0568031714095112 0.0568031714095112 0.0554821674464993 0.0541611634834874
0.177914111429448 0.157464213678937 0.147239264803681 0.14519427502863 0.132924336378323 0.116564418177914 0.098159510202454 0.00204499077505112 0.00408998055010225 0.00408998055010225 0.00408998055010225 0.00204499077505112 0.00204499077505112 0.00204499077505112 0.00204499077505112 0.00204499077505112
0.113744076829384 0.101895735597156 0.0959715649810427 0.0936018967345972 0.0853080578720379 0.0793838872559242 0.0746445507630332 0.0663507119004739 0.0604265412843602 0.052132702421801 0.0450236976824645 0.0390995270663507 0.0308056882037915 0.0260663517109005 0.0213270152180095 0.014218010478673
0.0807833547331701 0.0795593645250918 0.0795593645250918 0.0746634036927785 0.0722154232766218 0.0673194624443084 0.0648714820281518 0.0599755211958384 0.0587515309877601 0.0575275407796818 0.0563035505716034 0.0563035505716034 0.0526315799473684 0.0489596093231334 0.0477356191150551 0.0428396582827417
0.111607143857143 0.0580357152857143 0.062500001 0.062500001 0.0580357152857143 0.0580357152857143 0.0580357152857143 0.0580357152857143 0.0580357152857143 0.0580357152857143 0.0535714295714286 0.0758928581428571 0.062500001 0.062500001 0.0580357152857143 0.0446428581428571
0.000000001 0.0313351508637602 0.0395095377847411 0.053133515986376 0.0708446876485014 0.0708446876485014 0.0722070854686648 0.0749318811089918 0.0735694832888283 0.0749318811089918 0.0735694832888283 0.0749318811089918 0.0722070854686648 0.0722070854686648 0.0735694832888283 0.0722070854686648
0.0609271533178808 0.0635761599403974 0.0622516566291391 0.0622516566291391 0.0622516566291391 0.0622516566291391 0.0609271533178808 0.0622516566291391 0.0609271533178808 0.0635761599403974 0.0609271533178808 0.0635761599403974 0.0635761599403974 0.0622516566291391 0.0649006632516556 0.0635761599403974
0.0578947378421053 0.0605263167894737 0.0605263167894737 0.0618421062631579 0.0592105273157895 0.0592105273157895 0.0605263167894737 0.0644736852105263 0.0631578957368421 0.0644736852105263 0.0631578957368421 0.0644736852105263 0.0644736852105263 0.0644736852105263 0.0657894746842105 0.0657894746842105
0.801652893561983 0.0165289266198347 0.0165289266198347 0.00826446380991736 0.0165289266198347 0.00826446380991736 0.0247933894297521 0.0247933894297521 0.0247933894297521 0.0165289266198347 0.000000001 0.0165289266198347 0.00826446380991736 0.000000001 0.00826446380991736 0.00826446380991736
0.062500001 0.062500001 0.062500001 0.062500001 0.062500001 0.062500001 0.062500001 0.062500001 0.062500001 0.062500001 0.062500001 0.062500001 0.062500001 0.062500001 0.062500001 0.062500001
0.0621193676260658 0.0609013408294762 0.0609013408294762 0.0621193676260658 0.0621193676260658 0.0621193676260658 0.0621193676260658 0.0621193676260658 0.0621193676260658 0.0633373944226553 0.0633373944226553 0.0633373944226553 0.0633373944226553 0.0633373944226553 0.0633373944226553 0.0633373944226553
0.277533040647577 0.0440528644361233 0.0440528644361233 0.039647578092511 0.0308370054052863 0.0352422917488987 0.0440528644361233 0.039647578092511 0.039647578092511 0.0352422917488987 0.039647578092511 0.039647578092511 0.0440528644361233 0.066079296154185 0.0837004415286344 0.0969163005594714
0.000000001 0.000000001 0.000000001 0.000000001 0.000000001 0.000000001 0.0123152719359606 0.00985221774876847 0.0123152719359606 0.0320197054334975 0.0541871931182266 0.083743843364532 0.182266010852217 0.199507390162562 0.20935960691133 0.204433498536946
0.0554323735055432 0.0753880276075388 0.0720620852572062 0.0709534378070953 0.0698447903569845 0.0698447903569845 0.0676274954567627 0.065410200556541 0.0631929056563193 0.0620842582062084 0.0587583158558758 0.057649668405765 0.0554323735055432 0.0543237260554324 0.0532150786053215 0.048780488804878
0.121160410556314 0.121160410556314 0.116040956631399 0.104095564139932 0.0887372023651877 0.0631399327406143 0.0409556323993174 0.0443686016825939 0.0426621170409556 0.0392491477576792 0.0426621170409556 0.0409556323993174 0.0341296938327645 0.0341296938327645 0.0341296938327645 0.0324232091911263
0.000000001 0.0220588245294118 0.0330882362941176 0.0441176480588235 0.0698529421764706 0.0808823539411765 0.0845588245294118 0.0882352951176471 0.0882352951176471 0.0845588245294118 0.0992647068823529 0.0882352951176471 0.0808823539411765 0.062500001 0.0514705892352941 0.0220588245294118
