0.00622084081337481 0.015552100533437 0.0217729403468118 0.0326594100202177 0.0419906697402799 0.0544323493670296 0.0668740289937792 0.0746500787604977 0.0917573882472784 0.105754277827372 0.115085537547434 0.122861587314152 0.108864697734059 0.0824261285272162 0.046656299600311 0.0124416806267496
0.0624169996719788 0.0624169996719788 0.0610889784236388 0.0624169996719788 0.0624169996719788 0.0624169996719788 0.0624169996719788 0.0637450209203187 0.0624169996719788 0.0624169996719788 0.0624169996719788 0.0637450209203187 0.0624169996719788 0.0624169996719788 0.0624169996719788 0.0624169996719788
0.0328467163284671 0.0364963513649635 0.0383211688832117 0.0383211688832117 0.0401459864014599 0.041970803919708 0.041970803919708 0.041970803919708 0.0529197090291971 0.0510948915109489 0.0638686141386861 0.072992701729927 0.0857664243576642 0.0967153294671533 0.124087592240876 0.140510949905109
0.0435643574356436 0.0465346544653465 0.0504950505049505 0.0613861396138614 0.0594059415940594 0.0613861396138614 0.0643564366435644 0.0653465356534653 0.0663366346633663 0.0663366346633663 0.0663366346633663 0.0633663376336634 0.0693069316930693 0.0732673277326733 0.0722772287227723 0.0702970307029703
0.000000001 0.119935171178282 0.108589952377634 0.0907617514051864 0.0826580236904376 0.0777957870615883 0.0696920593468395 0.06645056826094 0.06645056826094 0.0567260950032415 0.053484603917342 0.0486223672884927 0.0421393851166937 0.0437601306596434 0.0388978940307942 0.0340356574019449
0.0317040961122853 0.0449141357424042 0.0515191555574637 0.0568031714095112 0.0620871872615588 0.0620871872615588 0.0620871872615588 0.0634081912245707 0.0660501991505944 0.0739762229286658 0.0726552189656539 0.0766182308546896 0.0739762229286658 0.0686922070766182 0.0660501991505944 0.0673712031136063
0.0390567438150332 0.0736919685755343 0.0736919685755343 0.0736919685755343 0.0736919685755343 0.0736919685755343 0.0736919685755343 0.0700073701967576 0.0677966111694915 0.0641120127907148 0.0611643340876934 0.0574797357089167 0.0545320570058954 0.051584378302874 0.0486366995998526 0.0434782618695652
0.000000001 0.000000001 0.000000001 0.000000001 0.000000001 0.000000001 0.000000001 0.000000001 0.000000001 0.000000001 0.000000001 0.000000001 0.000000001 0.000000001 0.000000001 1.000000001
0.0285714295714286 0.14453781612605 0.134453782512605 0.107563026210084 0.080672269907563 0.0705882362941176 0.0672268917563025 0.0621848749495798 0.053781513605042 0.0487394967983193 0.0436974799915966 0.0470588245294118 0.0336134463781513 0.0319327741092437 0.0252100850336134 0.0201680682268908
0.0138248857926267 0.0820276507695853 0.0783410148248848 0.0755760378663594 0.0728110609078341 0.0709677429354839 0.0682027659769585 0.0663594480046083 0.0654377890184332 0.0635944710460829 0.0626728120599078 0.0608294940875576 0.0580645171290323 0.0552995401705069 0.0534562221981567 0.0525345632119816
0.141891892891892 0.0912162172162162 0.0743243253243243 0.0540540550540541 0.0540540550540541 0.0540540550540541 0.0540540550540541 0.0540540550540541 0.0540540550540541 0.0540540550540541 0.0540540550540541 0.0523648658648649 0.0523648658648649 0.0523648658648649 0.0523648658648649 0.0506756766756757
0.000000001 0.000000001 0.000000001 0.000000001 0.0215827348129496 0.0335731424868106 0.0479616316954436 0.0575539578345324 0.0743405285779376 0.0911270993213429 0.11031175159952 0.11031175159952 0.112709833134293 0.115107914669065 0.115107914669065 0.11031175159952
0.00740740840740741 0.0296296306296296 0.0592592602592593 0.0814814824814815 0.0814814824814815 0.0814814824814815 0.0888888898888889 0.0888888898888889 0.0888888898888889 0.0888888898888889 0.0740740750740741 0.0666666676666667 0.0592592602592593 0.0444444454444444 0.037037038037037 0.0222222232222222
0.0697887980615243 0.0670339771248852 0.0661157034793388 0.0642791561882461 0.0642791561882461 0.061524335251607 0.0624426088971534 0.0596877879605142 0.0596877879605142 0.0587695143149679 0.0624426088971534 0.061524335251607 0.0606060616060606 0.0606060616060606 0.0606060616060606 0.0606060616060606
0.0330275239357798 0.0798165147614679 0.0770642211834862 0.0752293587981651 0.073394496412844 0.0715596340275229 0.0697247716422018 0.0669724780642202 0.0660550468715596 0.063302753293578 0.0614678909082569 0.0587155973302752 0.0559633037522936 0.0522935789816514 0.0486238542110092 0.0467889918256881
0.000000001 0.000000001 0.000000001 0.000000001 0.000000001 0.000000001 0.000000001 0.000000001 0.000000001 0.000000001 0.000000001 0.000000001 0.000000001 0.000000001 0.000000001 1.000000001
0.213963964963964 0.20045045145045 0.191441442441441 0.182432433432432 0.173423424423423 0.000000001 0.00225225325225225 0.0045045055045045 0.0045045055045045 0.00225225325225225 0.0045045055045045 0.00675675775675676 0.000000001 0.00675675775675676 0.0045045055045045 0.00225225325225225
0.0439414124513981 0.0505992020652463 0.0545938758335553 0.0612516654474035 0.066577897138482 0.0692410129840213 0.0719041288295606 0.0732356867523302 0.0719041288295606 0.0719041288295606 0.0705725709067909 0.066577897138482 0.0652463392157124 0.0625832233701731 0.0545938758335553 0.0452729703741678
