0.0252100850336134 0.00840336234453782 0.00840336234453782 0.00840336234453782 0.0168067236890756 0.0168067236890756 0.00840336234453782 0.00840336234453782 0.000000001 0.0168067236890756 0.00840336234453782 0.00840336234453782 0.00840336234453782 0.00840336234453782 0.0252100850336134 0.823529412764706
0.0152671765725191 0.0152671765725191 0.0152671765725191 0.00763358878625954 0.0152671765725191 0.0152671765725191 0.0152671765725191 0.0152671765725191 0.00763358878625954 0.0229007643587786 0.0152671765725191 0.00763358878625954 0.0229007643587786 0.0381679399312977 0.0152671765725191 0.755725191839695
0.000000001 0.0134228197919463 0.0134228197919463 0.0134228197919463 0.023489933885906 0.0335570479798658 0.0369127526778524 0.0369127526778524 0.0402684573758389 0.0335570479798658 0.0402684573758389 0.0503355714697987 0.0469798667718121 0.0570469808657718 0.251677853348993 0.308724833214765
0.00234558348631744 0.0766223622197029 0.0766223622197029 0.0766223622197029 0.0774042230484754 0.0774042230484754 0.0774042230484754 0.071931197247068 0.0727130580758405 0.0711493364182955 0.0570758415003909 0.0562939806716185 0.055512119842846 0.0547302590140735 0.0516028156989836 0.0445660682400313
0.0246609134537608 0.030826141567201 0.0382244153033292 0.0493218259075216 0.0567200996436498 0.0690505558705302 0.0715166471159063 0.0801479664747226 0.0838471033427867 0.0875462402108508 0.0863131945881628 0.0752157839839704 0.0727496927385943 0.0653514190024661 0.0567200996436498 0.0517879171528977
0.00925926025925926 0.00925926025925926 0.00925926025925926 0.00925926025925926 0.00925926025925926 0.00925926025925926 0.00925926025925926 0.00925926025925926 0.0185185195185185 0.000000001 0.000000001 0.000000001 0.000000001 0.000000001 0.000000001 0.907407408407407
0.000000001 0.000000001 0.00420168167226891 0.00630252200840336 0.00840336234453782 0.0105042026806723 0.0147058833529412 0.0189075640252101 0.0378151270504202 0.0546218497394958 0.0756302531008403 0.0987394967983193 0.128151261504202 0.159663866546219 0.180672269907563 0.201680673268908
0.000000001 0.00561797852808989 0.000000001 0.000000001 0.000000001 0.000000001 0.000000001 0.000000001 0.000000001 0.0112359560561798 0.00561797852808989 0.0224719111123595 0.0224719111123595 0.0786516863932584 0.292134832460674 0.561797753808989
0.00977198797068404 0.00977198797068404 0.0162866459511401 0.00977198797068404 0.00977198797068404 0.0260586329218241 0.0228013039315961 0.0260586329218241 0.0195439749413681 0.0162866459511401 0.0195439749413681 0.0162866459511401 0.0162866459511401 0.254071662237785 0.250814333247557 0.276872965169381
0.000000001 0.0206489685516224 0.0294985260737463 0.0353982310884956 0.0432645044414946 0.0521140619636185 0.0599803353166175 0.0737463136843658 0.0757128820226155 0.0786627345299902 0.0806293028682399 0.0835791553756146 0.0855457237138643 0.0894788603903638 0.0934119970668633 0.0983284179124877
0.062500001 0.062500001 0.062500001 0.062500001 0.062500001 0.062500001 0.062500001 0.062500001 0.062500001 0.062500001 0.062500001 0.062500001 0.062500001 0.062500001 0.062500001 0.062500001
0.270440252572327 0.273584906660377 0.216981133075472 0.10377358590566 0.0471698123207547 0.0157232714402516 0.0125786173522013 0.00314465508805031 0.00628930917610063 0.00628930917610063 0.00628930917610063 0.00628930917610063 0.00628930917610063 0.00628930917610063 0.00628930917610063 0.0125786173522013
0.0212765967446809 0.0212765967446809 0.0212765967446809 0.0212765967446809 0.0212765967446809 0.0212765967446809 0.0212765967446809 0.0212765967446809 0.0212765967446809 0.0212765967446809 0.0212765967446809 0.0212765967446809 0.0212765967446809 0.0212765967446809 0.0212765967446809 0.680851064829787
0.0101694925254237 0.0101694925254237 0.0135593230338983 0.0135593230338983 0.0169491535423729 0.0135593230338983 0.0101694925254237 0.0135593230338983 0.0135593230338983 0.0135593230338983 0.0203389840508475 0.0372881365932203 0.0711864416779661 0.135593221338983 0.28135593320339 0.325423729813559
0.0227272737272727 0.0113636373636364 0.00568181918181818 0.000000001 0.00568181918181818 0.00568181918181818 0.00568181918181818 0.00568181918181818 0.0227272737272727 0.0170454555454545 0.00568181918181818 0.0113636373636364 0.119318182818182 0.164772728272727 0.164772728272727 0.431818182818182
0.000000001 0.000000001 0.000000001 0.000000001 0.000000001 0.000000001 0.000000001 0.000000001 0.000000001 0.000000001 0.000000001 0.000000001 0.000000001 0.000000001 0.425287357321839 0.574712644678161
0.0217391314347826 0.0238095248095238 0.0289855082463768 0.0320910983084886 0.0331262949958592 0.0393374751200828 0.0424430651821946 0.0641821956169772 0.072463769115942 0.0786749492401656 0.0848861293643892 0.093167702863354 0.098343686300207 0.0952380962380952 0.0952380962380952 0.0962732929254658
0.00210970564135021 0.0147679334894515 0.0337552752616034 0.0506329123924051 0.069620254164557 0.0886075959367088 0.105485233067511 0.111814346991561 0.107594937708861 0.10126582378481 0.0907173005780591 0.0780590727299578 0.0654008448818565 0.0443037984683544 0.029535865978903 0.00632911492405063
0.000000001 0.0666666676666667 0.0666666676666667 0.0666666676666667 0.0666666676666667 0.0666666676666667 0.0666666676666667 0.0666666676666667 0.0666666676666667 0.0666666676666667 0.0666666676666667 0.0666666676666667 0.0666666676666667 0.0666666676666667 0.0666666676666667 0.0666666676666667
0.000000001 0.000000001 0.000000001 0.000000001 0.000000001 0.000000001 0.000000001 0.000000001 0.000000001 0.000000001 0.000000001 0.000000001 0.000000001 0.000000001 0.000000001 1.000000001
