0.00190839794656489 0.00381679489312977 0.00381679489312977 0.00381679489312977 0.00381679489312977 0.00763358878625954 0.0267175582519084 0.0362595429847328 0.049618321610687 0.0725190849694656 0.0916030544351145 0.114503817793893 0.127862596419847 0.139312978099237 0.150763359778626 0.166030535351145
1.000000001 0.000000001 0.000000001 0.000000001 0.000000001 0.000000001 0.000000001 0.000000001 0.000000001 0.000000001 0.000000001 0.000000001 0.000000001 0.000000001 0.000000001 0.000000001
0.176125245618395 0.13307240804501 0.10958904209589 0.0958904119589041 0.0802348346594912 0.0684931516849315 0.060665363035225 0.050880627223092 0.0450097857358121 0.0352250499236791 0.0332681027612524 0.0313111555988258 0.025440314111546 0.0234833669491194 0.0195694726242661 0.0117416839745597
0.13953488472093 0.133720931232558 0.126453489372093 0.120639535883721 0.106104652162791 0.0770348847209302 0.0712209312325581 0.0494186056511628 0.0450581405348837 0.0363372103023256 0.0290697684418605 0.0247093033255814 0.0188953498372093 0.0101744196046512 0.00726744286046512 0.00436046611627907
0.0780619121709287 0.0888290723324361 0.0915208623728129 0.0874831773122477 0.0861372822920592 0.0780619121709287 0.0740242271103634 0.0686406470296097 0.0619111719286676 0.0524899067873486 0.0511440117671602 0.0457604316864065 0.0417227466258412 0.0349932715248991 0.0336473765047106 0.0255720063835801
0.0164533830840951 0.0182815366489945 0.0292504580383912 0.036563072297989 0.0420475329926874 0.0475319936873857 0.0511883008171847 0.056672761511883 0.0603290686416819 0.0731261435959781 0.076782450725777 0.0859232185502742 0.093235832809872 0.0987202935045704 0.106032907764168 0.107861061329068
0.0174731192795699 0.0174731192795699 0.0228494633655914 0.0295698934731183 0.0403225816451613 0.0416666676666667 0.0416666676666667 0.0456989257311828 0.071236560139785 0.0739247321827957 0.0887096784193548 0.0994623665913978 0.0994623665913978 0.103494624655914 0.102150538634409 0.104838710677419
0.854700855700855 0.00854700954700855 0.00854700954700855 0.00854700954700855 0.00854700954700855 0.00854700954700855 0.0170940180940171 0.0170940180940171 0.00854700954700855 0.00854700954700855 0.00854700954700855 0.00854700954700855 0.00854700954700855 0.00854700954700855 0.00854700954700855 0.00854700954700855
1.000000001 0.000000001 0.000000001 0.000000001 0.000000001 0.000000001 0.000000001 0.000000001 0.000000001 0.000000001 0.000000001 0.000000001 0.000000001 0.000000001 0.000000001 0.000000001
0.151969982238274 0.140712946590994 0.127579738335835 0.112570357472795 0.0938086313939962 0.0787992505309568 0.0637898696679175 0.0544090066285178 0.0431519709812383 0.0375234531575985 0.0281425901181989 0.0225140722945591 0.0150093818630394 0.00938086403939963 0.00938086403939963 0.0112570366472795
0.970873787407767 0.000000001 0.000000001 0.000000001 0.000000001 0.000000001 0.000000001 0.000000001 0.000000001 0.000000001 0.000000001 0.00970873886407767 0.00970873886407767 0.00970873886407767 0.000000001 0.000000001
0.0186385747439222 0.0761750415186386 0.0745542959756888 0.0729335504327391 0.0721231776612642 0.0713128048897893 0.0696920593468395 0.0680713138038898 0.06645056826094 0.0648298227179903 0.0632090771750405 0.059967586089141 0.0583468405461912 0.0559157222317666 0.0551053494602917 0.0526742311458671
0.37378640876699 0.0533980592524272 0.0436893213883495 0.0533980592524272 0.0436893213883495 0.0339805835242718 0.0339805835242718 0.0339805835242718 0.0242718456601942 0.0436893213883495 0.0388349524563107 0.0339805835242718 0.0242718456601942 0.0533980592524272 0.058252428184466 0.0533980592524272
0.0123893815309735 0.0194690275486726 0.0353982310884956 0.0407079656017699 0.0601769921504425 0.0707964611769911 0.0884955762212389 0.0867256647168142 0.0867256647168142 0.0849557532123894 0.0849557532123894 0.0867256647168142 0.0884955762212389 0.0778761071946903 0.0548672576371681 0.0212389390530973
0.825000001 0.00833333433333333 0.00833333433333333 0.0166666676666667 0.00833333433333333 0.00833333433333333 0.00833333433333333 0.0166666676666667 0.000000001 0.0166666676666667 0.0166666676666667 0.0166666676666667 0.000000001 0.0166666676666667 0.0166666676666667 0.0166666676666667
0.00755287109063444 0.013595167163142 0.0166163151993958 0.0226586112719033 0.027190333326284 0.0302114813625378 0.0347432034169184 0.0362537774350453 0.0392749254712991 0.0438066475256798 0.105740182268882 0.110271904323263 0.11631420039577 0.123867070486405 0.132930514595166 0.138972810667674
0.181818182818182 0.0909090919090909 0.0909090919090909 0.0909090919090909 0.0909090919090909 0.000000001 0.0909090919090909 0.0909090919090909 0.0909090919090909 0.000000001 0.0909090919090909 0.0909090919090909 0.000000001 0.000000001 0.000000001 0.000000001
0.0212765967446809 0.0258358672613982 0.027355624100304 0.0319148946170213 0.033434651455927 0.0410334356504559 0.0455927061671733 0.0547112472006079 0.0623100313951368 0.0699088155896656 0.0790273566231003 0.0866261408176292 0.0957446818510638 0.103343466045593 0.109422493401216 0.112462007079027
