0.00900901000900901 0.000000001 0.000000001 0.00900901000900901 0.018018019018018 0.018018019018018 0.000000001 0.000000001 0.000000001 0.00900901000900901 0.000000001 0.00900901000900901 0.00900901000900901 0.00900901000900901 0.018018019018018 0.891891892891892
0.00249687990137328 0.0124843955068664 0.0137328349575531 0.0187265927602996 0.0287141083657928 0.0449438212247191 0.0461922606754057 0.0461922606754057 0.0761548074918851 0.0736579285905119 0.0873907625480649 0.0986267176042447 0.102372035956305 0.103620475406991 0.119850188265918 0.124843946068664
0.024390244902439 0.016260163601626 0.00813008230081301 0.024390244902439 0.024390244902439 0.00813008230081301 0.00813008230081301 0.024390244902439 0.016260163601626 0.00813008230081301 0.00813008230081301 0.00813008230081301 0.00813008230081301 0.016260163601626 0.000000001 0.796747968479675
0.000000001 0.000000001 0.000000001 0.000000001 0.000000001 0.000000001 0.000000001 0.000000001 0.000000001 0.000000001 0.0490463225258856 0.11716621353406 0.166212535059946 0.212534060945504 0.228882834787466 0.226158039147139
0.000000001 0.0244698215546493 0.032626428406199 0.0391517138874388 0.0424143566280587 0.0440456779983687 0.0489396421092985 0.0489396421092985 0.0538336062202284 0.0603588917014682 0.0652528558123981 0.0717781412936379 0.0815660695154976 0.0946166404779772 0.132137031995106 0.159869495290375
0.000000001 0.00698324122346369 0.0167597775363128 0.026536313849162 0.0335195540726257 0.0405027942960894 0.053072626698324 0.058659218877095 0.0656424591005587 0.0740223473687151 0.0810055875921788 0.0879888278156425 0.0963687160837989 0.106145252396648 0.11731843675419 0.135474861335196
0.015748032496063 0.0078740167480315 0.015748032496063 0.0078740167480315 0.0078740167480315 0.0078740167480315 0.0236220482440945 0.0236220482440945 0.000000001 0.015748032496063 0.0078740167480315 0.015748032496063 0.0236220482440945 0.0236220482440945 0.0236220482440945 0.779527560055118
0.00583819949874896 0.0767306098407006 0.0767306098407006 0.0750625531267723 0.073394496412844 0.0708924113419516 0.0700583829849875 0.0692243546280233 0.0675562979140951 0.0650542128432027 0.0650542128432027 0.0617180994153461 0.0600500427014178 0.0558799009165972 0.0542118442026689 0.0525437874887406
0.000000001 0.00943396326415094 0.00943396326415094 0.00943396326415094 0.00943396326415094 0.00943396326415094 0.000000001 0.000000001 0.000000001 0.000000001 0.00943396326415094 0.00943396326415094 0.000000001 0.000000001 0.000000001 0.933962265150943
0.000000001 0.0666666676666667 0.0666666676666667 0.0666666676666667 0.0666666676666667 0.0666666676666667 0.0666666676666667 0.0666666676666667 0.0666666676666667 0.0666666676666667 0.0666666676666667 0.0666666676666667 0.0666666676666667 0.0666666676666667 0.0666666676666667 0.0666666676666667
0.000000001 0.000000001 0.000000001 0.000000001 0.000000001 0.000000001 0.000000001 0.000000001 0.000000001 0.000000001 0.000000001 0.000000001 0.000000001 0.000000001 0.000000001 1.000000001
0.000000001 0.000000001 0.000000001 0.000000001 0.000000001 0.000000001 0.000000001 0.000000001 0.000000001 0.000000001 0.000000001 0.000000001 0.000000001 0.000000001 0.328859061402685 0.671140940597315
0.0258064526129032 0.0258064526129032 0.0258064526129032 0.0258064526129032 0.0258064526129032 0.0258064526129032 0.0258064526129032 0.0258064526129032 0.0258064526129032 0.0258064526129032 0.0193548397096774 0.0193548397096774 0.0193548397096774 0.0193548397096774 0.0193548397096774 0.645161291322581
0.0187793437230047 0.0187793437230047 0.0164319258826291 0.028169015084507 0.0140845080422535 0.0117370902018779 0.0140845080422535 0.0187793437230047 0.0234741794037559 0.0352112686056338 0.0539906113286385 0.0845070432535211 0.112676057338028 0.150234742784038 0.171361503347418 0.227699531516432
0.000000001 0.0102739736027397 0.0205479462054795 0.0273972612739726 0.0205479462054795 0.023972603739726 0.023972603739726 0.023972603739726 0.0273972612739726 0.023972603739726 0.0205479462054795 0.023972603739726 0.0342465763424658 0.0856164393561644 0.304794521547945 0.328767124287671
0.0100671150939597 0.00838926274496644 0.0151006721409396 0.0134228197919463 0.0218120815369128 0.023489933885906 0.0285234909328859 0.0436241620738255 0.063758390261745 0.0587248332147651 0.0738255043557047 0.098993289590604 0.12248322247651 0.125838927174497 0.130872484221477 0.161073826503356
0.000000001 0.000000001 0.000000001 0.000000001 0.000000001 0.000000001 0.000000001 0.000000001 0.000000001 0.000000001 0.000000001 0.000000001 0.000000001 0.000000001 0.456521740130435 0.543478261869565
0.000000001 0.0666666676666667 0.0666666676666667 0.0666666676666667 0.0666666676666667 0.0666666676666667 0.0666666676666667 0.0666666676666667 0.0666666676666667 0.0666666676666667 0.0666666676666667 0.0666666676666667 0.0666666676666667 0.0666666676666667 0.0666666676666667 0.0666666676666667
