0.907407408407407 0.0277777787777778 0.0185185195185185 0.000000001 0.000000001 0.000000001 0.000000001 0.000000001 0.000000001 0.000000001 0.000000001 0.00925926025925926 0.000000001 0.00925926025925926 0.00925926025925926 0.0185185195185185
0.705035972223022 0.0143884902086331 0.0215827348129496 0.0215827348129496 0.0215827348129496 0.0215827348129496 0.0287769794172662 0.0215827348129496 0.000000001 0.0215827348129496 0.0143884902086331 0.0287769794172662 0.0287769794172662 0.0215827348129496 0.00719424560431655 0.0215827348129496
0.104493208941484 0.0992685485444096 0.0950888202267503 0.0919540239885057 0.0877742956708464 0.0815047031943574 0.0783699069561128 0.0731452465590387 0.0626959257648903 0.0522466049707419 0.0470219445736677 0.0417972841765935 0.0355276917001045 0.0303030313030303 0.0188087784294671 0.000000001
0.0873521393075523 0.0818926306633303 0.0773430401264786 0.0755232039117379 0.0718835314822566 0.0700636952675159 0.0673339409454049 0.0646041866232939 0.0609645141938126 0.0600545960864422 0.0527752512274795 0.0518653331201092 0.0500454969053685 0.0464058244758872 0.0427661520464058 0.0391264796169245
0.0608856098560886 0.0608856098560886 0.0599631006309963 0.0608856098560886 0.0636531375313653 0.0664206652066421 0.0673431744317343 0.0664206652066421 0.0673431744317343 0.0701107021070111 0.0654981559815498 0.0608856098560886 0.0562730637306273 0.0590405914059041 0.0581180821808118 0.0562730637306273
0.0522875826993464 0.0522875826993464 0.0506535957712418 0.0473856219150327 0.0506535957712418 0.0522875826993464 0.0588235304117647 0.0604575173398693 0.065359478124183 0.0669934650522876 0.0686274519803921 0.0718954258366013 0.0735294127647059 0.0816993474052288 0.0784313735490196 0.0686274519803921
0.0076219522195122 0.0152439034390244 0.0198170741707317 0.0274390253902439 0.0655487814878049 0.0762195131951219 0.0762195131951219 0.0777439034390244 0.0777439034390244 0.0777439034390244 0.0792682936829268 0.0777439034390244 0.0807926839268293 0.0807926839268293 0.0807926839268293 0.0792682936829268
1.000000001 0.000000001 0.000000001 0.000000001 0.000000001 0.000000001 0.000000001 0.000000001 0.000000001 0.000000001 0.000000001 0.000000001 0.000000001 0.000000001 0.000000001 0.000000001
0.909090910090909 0.000000001 0.000000001 0.000000001 0.000000001 0.00909091009090909 0.000000001 0.000000001 0.0181818191818182 0.00909091009090909 0.00909091009090909 0.00909091009090909 0.00909091009090909 0.00909091009090909 0.00909091009090909 0.00909091009090909
0.838983051847458 0.00847457727118644 0.0169491535423729 0.0169491535423729 0.0169491535423729 0.0169491535423729 0.00847457727118644 0.00847457727118644 0.00847457727118644 0.00847457727118644 0.00847457727118644 0.00847457727118644 0.00847457727118644 0.00847457727118644 0.00847457727118644 0.00847457727118644
0.000000001 0.000000001 0.000000001 0.000000001 0.000000001 0.000000001 0.000000001 0.000000001 0.000000001 0.000000001 0.000000001 0.000000001 0.000000001 0.000000001 0.000000001 1.000000001
1.000000001 0.000000001 0.000000001 0.000000001 0.000000001 0.000000001 0.000000001 0.000000001 0.000000001 0.000000001 0.000000001 0.000000001 0.000000001 0.000000001 0.000000001 0.000000001
0.815126051420168 0.00840336234453782 0.0252100850336134 0.00840336234453782 0.00840336234453782 0.0168067236890756 0.00840336234453782 0.0168067236890756 0.0168067236890756 0.0168067236890756 0.0168067236890756 0.000000001 0.00840336234453782 0.00840336234453782 0.0168067236890756 0.00840336234453782
1.000000001 0.000000001 0.000000001 0.000000001 0.000000001 0.000000001 0.000000001 0.000000001 0.000000001 0.000000001 0.000000001 0.000000001 0.000000001 0.000000001 0.000000001 0.000000001
0.733333334333333 0.0148148158148148 0.0222222232222222 0.0148148158148148 0.0222222232222222 0.00740740840740741 0.0222222232222222 0.0296296306296296 0.0148148158148148 0.0222222232222222 0.0222222232222222 0.0222222232222222 0.0222222232222222 0.00740740840740741 0.00740740840740741 0.0148148158148148
0.943396227415094 0.000000001 0.000000001 0.000000001 0.000000001 0.00943396326415094 0.00943396326415094 0.000000001 0.00943396326415094 0.000000001 0.000000001 0.000000001 0.000000001 0.00943396326415094 0.00943396326415094 0.00943396326415094
0.113636364636364 0.109848485848485 0.106060607060606 0.102272728272727 0.0946969706969697 0.0845959605959596 0.0795454555454545 0.0694444454444444 0.0555555565555556 0.0492424252424242 0.0429292939292929 0.0303030313030303 0.0252525262525253 0.0189393949393939 0.0113636373636364 0.00631313231313131
0.48469387855102 0.0408163275306122 0.0306122458979592 0.0357142867142857 0.0408163275306122 0.0510204091632653 0.0306122458979592 0.0357142867142857 0.0408163275306122 0.0306122458979592 0.0306122458979592 0.0306122458979592 0.0255102050816327 0.0255102050816327 0.0408163275306122 0.0255102050816327
0.00492126084251969 0.0246063002125984 0.0433070876141732 0.0708661427322835 0.0738188986377953 0.062992126984252 0.0639763789527559 0.0698818907637795 0.0718503947007874 0.0649606309212598 0.062992126984252 0.0679133868267716 0.0816929143858268 0.0797244104488189 0.0816929143858268 0.0748031506062992
