0.00769230869230769 0.0230769240769231 0.00769230869230769 0.0230769240769231 0.0153846163846154 0.00769230869230769 0.0153846163846154 0.0307692317692308 0.0230769240769231 0.0230769240769231 0.0230769240769231 0.0153846163846154 0.0153846163846154 0.00769230869230769 0.0153846163846154 0.746153847153846
1.000000001 0.000000001 0.000000001 0.000000001 0.000000001 0.000000001 0.000000001 0.000000001 0.000000001 0.000000001 0.000000001 0.000000001 0.000000001 0.000000001 0.000000001 0.000000001
0.323232324232323 0.242424243424242 0.161616162616162 0.0673400683400674 0.0404040414040404 0.0168350178350168 0.0168350178350168 0.0101010111010101 0.0101010111010101 0.0134680144680135 0.000000001 0.0202020212020202 0.0202020212020202 0.0202020212020202 0.0134680144680135 0.0235690245690236
0.0593220348983051 0.076271187440678 0.0593220348983051 0.0932203399830508 0.0423728823559322 0.076271187440678 0.0508474586271186 0.0593220348983051 0.0593220348983051 0.0677966111694915 0.0593220348983051 0.0508474586271186 0.0593220348983051 0.0932203399830508 0.0423728823559322 0.0508474586271186
0.847457628118644 0.00847457727118644 0.00847457727118644 0.00847457727118644 0.00847457727118644 0.0169491535423729 0.000000001 0.0254237298135593 0.0169491535423729 0.00847457727118644 0.0169491535423729 0.0169491535423729 0.000000001 0.000000001 0.00847457727118644 0.00847457727118644
0.0800627953485086 0.0769230779230769 0.0784929366357928 0.0784929366357928 0.0753532192103611 0.0690737843594976 0.0659340669340659 0.0643642082213501 0.0596546320832025 0.0596546320832025 0.0565149146577708 0.0518053385196232 0.0502354798069074 0.0470957623814757 0.043956044956044 0.0423861862433281
0.970873787407767 0.029126214592233 0.000000001 0.000000001 0.000000001 0.000000001 0.000000001 0.000000001 0.000000001 0.000000001 0.000000001 0.000000001 0.000000001 0.000000001 0.000000001 0.000000001
0.908256881733945 0.000000001 0.000000001 0.0091743129266055 0.0091743129266055 0.0091743129266055 0.0091743129266055 0.0091743129266055 0.0091743129266055 0.000000001 0.000000001 0.0091743129266055 0.0091743129266055 0.0091743129266055 0.000000001 0.0091743129266055
0.365217392304348 0.0478260879565217 0.0478260879565217 0.0521739140434783 0.0521739140434783 0.0521739140434783 0.0521739140434783 0.0478260879565217 0.0478260879565217 0.0391304357826087 0.0391304357826087 0.0304347836086957 0.0217391314347826 0.0347826096956522 0.0347826096956522 0.0347826096956522
0.892857143857143 0.000000001 0.000000001 0.00892857242857143 0.000000001 0.00892857242857143 0.00892857242857143 0.00892857242857143 0.00892857242857143 0.00892857242857143 0.00892857242857143 0.00892857242857143 0.00892857242857143 0.0178571438571429 0.00892857242857143 0.000000001
0.686131387861314 0.0291970812919708 0.0218978112189781 0.0364963513649635 0.0291970812919708 0.0291970812919708 0.0291970812919708 0.0218978112189781 0.0218978112189781 0.0145985411459854 0.000000001 0.0072992710729927 0.0145985411459854 0.0145985411459854 0.0218978112189781 0.0218978112189781
0.933333334333333 0.000000001 0.00952381052380952 0.000000001 0.000000001 0.000000001 0.00952381052380952 0.00952381052380952 0.000000001 0.000000001 0.000000001 0.00952381052380952 0.00952381052380952 0.00952381052380952 0.00952381052380952 0.000000001
0.308641976308642 0.237654321987654 0.225308642975309 0.228395062728395 0.000000001 0.000000001 0.000000001 0.000000001 0.000000001 0.000000001 0.000000001 0.000000001 0.000000001 0.000000001 0.000000001 0.000000001
0.470588236294118 0.0481283432459893 0.0374331560802139 0.0267379689144385 0.0374331560802139 0.0267379689144385 0.0267379689144385 0.0267379689144385 0.0320855624973262 0.0267379689144385 0.0374331560802139 0.0320855624973262 0.0481283432459893 0.0481283432459893 0.0374331560802139 0.0374331560802139
0.792000001 0.000000001 0.016000001 0.016000001 0.008000001 0.024000001 0.008000001 0.008000001 0.024000001 0.016000001 0.016000001 0.008000001 0.024000001 0.008000001 0.016000001 0.016000001
