0.0909090919090909 0.109090910090909 0.0181818191818182 0.0363636373636364 0.0363636373636364 0.0181818191818182 0.0727272737272727 0.0909090919090909 0.0545454555454545 0.0909090919090909 0.0363636373636364 0.0909090919090909 0.109090910090909 0.0727272737272727 0.0181818191818182 0.0545454555454545
0.0194472886151484 0.0245649958822927 0.0235414544288639 0.0317297860562948 0.0348004104165814 0.0460593664042989 0.0583418638454452 0.060388946752303 0.0788126929140225 0.0808597758208802 0.0818833172743091 0.082906858727738 0.0890481074483112 0.0931422732620266 0.0951893561688844 0.0992835219825998
0.031496063992126 0.0236220482440945 0.015748032496063 0.015748032496063 0.0236220482440945 0.031496063992126 0.015748032496063 0.000000001 0.0236220482440945 0.000000001 0.000000001 0.0078740167480315 0.031496063992126 0.0078740167480315 0.015748032496063 0.755905512811024
0.000000001 0.000000001 0.000000001 0.000000001 0.000000001 0.000000001 0.000000001 0.000000001 0.000000001 0.000000001 0.000000001 0.000000001 0.0663265316122449 0.153061225489796 0.331632654061225 0.448979592836735
0.0196078441372549 0.000000001 0.000000001 0.000000001 0.000000001 0.000000001 0.000000001 0.000000001 0.000000001 0.000000001 0.000000001 0.000000001 0.000000001 0.00980392256862745 0.000000001 0.970588236294118
0.016250001 0.021250001 0.028750001 0.037500001 0.042500001 0.048750001 0.057500001 0.062500001 0.066250001 0.071250001 0.077500001 0.081250001 0.086250001 0.091250001 0.095000001 0.116250001
0.00157728806624606 0.029179811725552 0.0347003164574132 0.0433753953217666 0.055993691851735 0.0607255530504732 0.0780757107791798 0.0764984237129337 0.0780757107791798 0.0788643543123028 0.0764984237129337 0.0772870672460568 0.0772870672460568 0.0772870672460568 0.0772870672460568 0.0772870672460568
0.000000001 0.0666666676666667 0.0666666676666667 0.0666666676666667 0.0666666676666667 0.0666666676666667 0.0666666676666667 0.0666666676666667 0.0666666676666667 0.0666666676666667 0.0666666676666667 0.0666666676666667 0.0666666676666667 0.0666666676666667 0.0666666676666667 0.0666666676666667
0.000000001 0.00761421419796954 0.0126903563299492 0.0139593918629442 0.0139593918629442 0.016497462928934 0.0482233512538071 0.0710659908477157 0.0913705593756345 0.0951776659746193 0.102791879172589 0.102791879172589 0.102791879172589 0.102791879172589 0.101522843639594 0.116751270035533
0.130000001 0.000000001 0.000000001 0.000000001 0.000000001 0.000000001 0.000000001 0.000000001 0.000000001 0.000000001 0.000000001 0.000000001 0.000000001 0.000000001 0.000000001 0.870000001
0.0191570891226054 0.0255427851634738 0.0255427851634738 0.0255427851634738 0.0319284812043423 0.033205620412516 0.0344827596206897 0.0574712653678161 0.0638569614086845 0.0727969358659004 0.0830140495312899 0.0893997455721584 0.0957854416130268 0.104725416070243 0.116219668943806 0.121328225776501
0.000000001 0.0666666676666667 0.0666666676666667 0.0666666676666667 0.0666666676666667 0.0666666676666667 0.0666666676666667 0.0666666676666667 0.0666666676666667 0.0666666676666667 0.0666666676666667 0.0666666676666667 0.0666666676666667 0.0666666676666667 0.0666666676666667 0.0666666676666667
0.0196506560218341 0.0174672499082969 0.0196506560218341 0.0240174682489083 0.0262008743624454 0.0305676865895197 0.0393013110436681 0.0436681232707424 0.0502183416113537 0.0633187782925764 0.0698689966331878 0.0764192149737991 0.0895196516550218 0.100436682222707 0.111353712790393 0.218340612353712
0.0209324462901998 0.0313986689352997 0.0361560428648906 0.0409134167944814 0.0466222655099905 0.0532825890114177 0.0589914377269267 0.0656517612283539 0.0685061855861085 0.0732635595156993 0.0808753578030447 0.0865842065185538 0.0856327317326356 0.0865842065185538 0.0846812569467174 0.0799238830171265
0.000000001 0.000000001 0.000000001 0.000000001 0.000000001 0.000000001 0.000000001 0.000000001 0.000000001 0.000000001 0.000000001 0.000000001 0.000000001 0.000000001 0.000000001 1.000000001
0.214442014129103 0.214442014129103 0.190371992247265 0.177242889402626 0.0984682723347921 0.0109409200371991 0.0175054714595186 0.0175054714595186 0.0175054714595186 0.0087527362297593 0.0087527362297593 0.0087527362297593 0.00437636861487965 0.00437636861487965 0.000000001 0.00656455242231947
0.00574712743678161 0.0114942538735632 0.0172413803103448 0.00574712743678161 0.00574712743678161 0.0114942538735632 0.0229885067471264 0.0114942538735632 0.0114942538735632 0.0114942538735632 0.028735633183908 0.0114942538735632 0.0114942538735632 0.0977011504252874 0.189655173413793 0.545977012494253
0.000000001 0.000000001 0.000000001 0.000000001 0.000000001 0.00884955852212389 0.0176991160442478 0.000000001 0.0176991160442478 0.0265486735663717 0.00884955852212389 0.00884955852212389 0.00884955852212389 0.0265486735663717 0.0353982310884956 0.84070796560177
0.235602095240838 0.0602094250837696 0.049738220895288 0.0471204198481675 0.0418848177539267 0.0340314146125654 0.031413613565445 0.031413613565445 0.0340314146125654 0.031413613565445 0.031413613565445 0.0366492156596859 0.0366492156596859 0.0340314146125654 0.0366492156596859 0.227748692099476
0.00523560309424084 0.0143979067591623 0.0196335088534031 0.031413613565445 0.0353403151361257 0.0445026188010471 0.049738220895288 0.0589005245602094 0.0654450271780105 0.0746073308429319 0.0837696345078534 0.0916230376492147 0.0968586397434555 0.103403142361257 0.108638744455497 0.116492147596859
0.011142062281337 0.0153203352618384 0.0181058505821727 0.0236768812228412 0.0236768812228412 0.0334261848440111 0.0417827308050139 0.0501392767660167 0.0598885803871866 0.0724233993286908 0.084958218270195 0.0919220065710307 0.105849583172702 0.115598886793872 0.123955432754875 0.128133705735376
0.000000001 0.0691085013455425 0.0691085013455425 0.0691085013455425 0.0691085013455425 0.0691085013455425 0.0691085013455425 0.0691085013455425 0.0663441613317208 0.0663441613317208 0.0663441613317208 0.0642709063213545 0.0649619913248099 0.0649619913248099 0.0628887363144437 0.060124396300622
0.000000001 0.000000001 0.000000001 0.000000001 0.000000001 0.000000001 0.000000001 0.000000001 0.000000001 0.000000001 0.000000001 0.000000001 0.000000001 0.000000001 0.000000001 1.000000001
