0.00346420423325635 0.0196304859884527 0.0300230956882217 0.0392609709769053 0.046189377443418 0.0542725183210162 0.0612009247875289 0.0681293312540416 0.0727482688983834 0.0796766753648961 0.0854503474203233 0.0866050818314088 0.0877598162424942 0.0877598162424942 0.0900692850646651 0.0877598162424942
0.000000001 0.000000001 0.000000001 0.000000001 0.000000001 0.000000001 0.000000001 0.000000001 0.000000001 0.000000001 0.000000001 0.000000001 0.000000001 0.0423728823559322 0.161016950152542 0.796610170491525
0.0289855082463768 0.0217391314347826 0.0144927546231884 0.0144927546231884 0.0217391314347826 0.0144927546231884 0.0144927546231884 0.0144927546231884 0.0144927546231884 0.0144927546231884 0.0217391314347826 0.0217391314347826 0.0217391314347826 0.0289855082463768 0.0507246386811594 0.681159421289855
0.0137672100112641 0.0212765967446809 0.032540676844806 0.0400500635782228 0.048811014767209 0.0575719659561952 0.0600750948673342 0.065081352689612 0.0688360460563204 0.0700876105118899 0.0738423038785982 0.0788485617008761 0.0826032550675845 0.0888610773454318 0.097622028534418 0.100125157445557
0.006250001 0.017187501 0.023437501 0.032812501 0.037500001 0.045312501 0.046875001 0.059375001 0.057812501 0.070312501 0.076562501 0.084375001 0.092187501 0.100000001 0.109375001 0.140625001
0.0285035639453682 0.0320665093135392 0.0380047515938242 0.0415676969619952 0.0475059392422803 0.0546318299786223 0.0617577207149644 0.0676959629952494 0.0736342052755344 0.0748218537315914 0.0783847990997625 0.0795724475558195 0.0843230413800475 0.0807600960118765 0.0795724475558195 0.0771971506437055
0.00682128340109141 0.0109140528417462 0.0136425658021828 0.0150068222824011 0.0150068222824011 0.0422919518867667 0.0491132342878581 0.0586630296493861 0.0723055944515689 0.0845839027735334 0.08731241573397 0.0995907240559345 0.103683493496589 0.111869032377899 0.114597545338336 0.114597545338336
0.00346740738002774 0.0672676847725381 0.0679611660485437 0.0665742034965326 0.0665742034965326 0.0679611660485437 0.0686546473245492 0.0679611660485437 0.0672676847725381 0.0665742034965326 0.0679611660485437 0.0679611660485437 0.0679611660485437 0.065880722220527 0.0603328720124827 0.0596393907364771
0.000000001 0.000000001 0.000000001 0.000000001 0.000000001 0.000000001 0.000000001 0.000000001 0.000000001 0.000000001 0.000000001 0.000000001 0.000000001 0.000000001 0.000000001 1.000000001
0.0604982216405694 0.0593119820201661 0.0593119820201661 0.0593119820201661 0.0604982216405694 0.0593119820201661 0.0616844612609727 0.0616844612609727 0.0616844612609727 0.0581257423997628 0.0557532631589561 0.0604982216405694 0.0640569405017794 0.066429419742586 0.0652431801221827 0.0865954932894425
0.000000001 0.013262600469496 0.0212201601511936 0.0318302397267905 0.0397877994084881 0.0450928391962865 0.0503978789840849 0.0583554386657825 0.0663129983474801 0.0716180381352785 0.0795755978169761 0.090185677392573 0.0954907171803713 0.106100796755968 0.111405836543767 0.119363396225464
0.00520833433333333 0.0104166676666667 0.0104166676666667 0.0104166676666667 0.00520833433333333 0.0104166676666667 0.0104166676666667 0.0104166676666667 0.0104166676666667 0.0104166676666667 0.0104166676666667 0.015625001 0.0104166676666667 0.0104166676666667 0.380208334333333 0.479166667666667
0.000000001 0.000000001 0.000000001 0.000000001 0.000000001 0.00892857242857143 0.00892857242857143 0.00892857242857143 0.00892857242857143 0.00892857242857143 0.00892857242857143 0.00892857242857143 0.00892857242857143 0.0178571438571429 0.0178571438571429 0.892857143857143
0.0271493222669683 0.0316742091447964 0.0316742091447964 0.0316742091447964 0.0361990960226244 0.0407239829004525 0.0407239829004525 0.0407239829004525 0.0361990960226244 0.0361990960226244 0.0316742091447964 0.0452488697782805 0.0723981910452489 0.108597286067873 0.153846154846154 0.235294118647059
0.000000001 0.000000001 0.000000001 0.0435435445435435 0.0705705715705706 0.0675675685675676 0.0675675685675676 0.0675675685675676 0.0690690700690691 0.0795795805795796 0.0675675685675676 0.0630630640630631 0.0585585595585586 0.0885885895885886 0.106606607606607 0.15015015115015
0.0514563116796116 0.0504854378932039 0.0524271854660194 0.0533980592524272 0.054368933038835 0.0553398068252427 0.0553398068252427 0.0563106806116505 0.0601941757572815 0.0669902922621359 0.0699029136213592 0.070873787407767 0.0728155349805825 0.0737864087669903 0.0766990301262136 0.0796116514854369
0.0569176892661997 0.0577933460087566 0.0577933460087566 0.0577933460087566 0.0586690027513135 0.0595446594938704 0.0604203162364273 0.0604203162364273 0.0612959729789842 0.0612959729789842 0.0621716297215412 0.0647985999492119 0.0665499134343257 0.0691768836619965 0.0718038538896672 0.0735551673747811
0.0449826999619377 0.0438292974244521 0.0461361024994233 0.0461361024994233 0.0461361024994233 0.0472895050369089 0.04959631011188 0.0519031151868512 0.0530565177243368 0.0576701278742791 0.063437140561707 0.0657439456366782 0.0841983862364475 0.0968858141487889 0.0968858141487889 0.106113034448674
0.000000001 0.000000001 0.000000001 0.000000001 0.000000001 0.000000001 0.000000001 0.000000001 0.000000001 0.000000001 0.000000001 0.000000001 0.000000001 0.297794118647059 0.334558824529412 0.367647059823529
0.00255102140816327 0.00637755202040816 0.0127551030408163 0.0165816336530612 0.0293367356938776 0.038265307122449 0.0459183683469388 0.0586734703877551 0.0688775520204082 0.0790816336530612 0.0905612254897959 0.0982142867142857 0.105867347938776 0.114795919367347 0.116071429571429 0.116071429571429
