0.560000001 0.0114285724285714 0.0171428581428571 0.0285714295714286 0.0285714295714286 0.0285714295714286 0.0228571438571429 0.0228571438571429 0.0285714295714286 0.0285714295714286 0.0285714295714286 0.0342857152857143 0.040000001 0.0457142867142857 0.040000001 0.0342857152857143
0.332191781821918 0.256849316068493 0.160958905109589 0.0856164393561644 0.0547945215479452 0.0205479462054795 0.0171232886712329 0.0136986311369863 0.0102739736027397 0.00684931606849315 0.00684931606849315 0.00684931606849315 0.0102739736027397 0.00342465853424658 0.00684931606849315 0.00684931606849315
0.792000001 0.016000001 0.024000001 0.008000001 0.016000001 0.016000001 0.008000001 0.016000001 0.008000001 0.016000001 0.016000001 0.008000001 0.024000001 0.016000001 0.016000001 0.000000001
0.0512820522820513 0.0769230779230769 0.0769230779230769 0.0769230779230769 0.0769230779230769 0.0512820522820513 0.0256410266410256 0.0769230779230769 0.0512820522820513 0.0512820522820513 0.0769230779230769 0.0512820522820513 0.0769230779230769 0.0769230779230769 0.0512820522820513 0.0512820522820513
0.0971223031582734 0.226618706035971 0.165467626899281 0.129496403877698 0.0899280585539568 0.0611510801366906 0.0467625909280576 0.0323741017194245 0.0287769794172662 0.0287769794172662 0.0323741017194245 0.0215827348129496 0.0107913679064748 0.0107913679064748 0.0107913679064748 0.00719424560431655
1.000000001 0.000000001 0.000000001 0.000000001 0.000000001 0.000000001 0.000000001 0.000000001 0.000000001 0.000000001 0.000000001 0.000000001 0.000000001 0.000000001 0.000000001 0.000000001
0.688405798101449 0.0144927546231884 0.0144927546231884 0.0144927546231884 0.0144927546231884 0.0072463778115942 0.0144927546231884 0.0289855082463768 0.0217391314347826 0.0289855082463768 0.0217391314347826 0.0289855082463768 0.0289855082463768 0.0289855082463768 0.0217391314347826 0.0217391314347826
0.220744681851064 0.210106383978723 0.196808511638298 0.172872341425532 0.172872341425532 0.00265957546808511 0.00265957546808511 0.00265957546808511 0.00265957546808511 0.000000001 0.00265957546808511 0.00265957546808511 0.00265957546808511 0.00265957546808511 0.00265957546808511 0.00265957546808511
0.876106195690265 0.000000001 0.000000001 0.00884955852212389 0.000000001 0.00884955852212389 0.000000001 0.000000001 0.00884955852212389 0.00884955852212389 0.00884955852212389 0.0265486735663717 0.0176991160442478 0.0176991160442478 0.0176991160442478 0.000000001
1.000000001 0.000000001 0.000000001 0.000000001 0.000000001 0.000000001 0.000000001 0.000000001 0.000000001 0.000000001 0.000000001 0.000000001 0.000000001 0.000000001 0.000000001 0.000000001
0.631578948368421 0.0394736852105263 0.0263157904736842 0.0197368431052632 0.0197368431052632 0.0263157904736842 0.0197368431052632 0.0394736852105263 0.0328947378421053 0.0263157904736842 0.0263157904736842 0.0263157904736842 0.0263157904736842 0.0131578957368421 0.0131578957368421 0.0131578957368421
0.333333334333333 0.147368422052632 0.126315790473684 0.101754386964912 0.0771929834561404 0.056140351877193 0.0315789483684211 0.0140350887192982 0.0140350887192982 0.0140350887192982 0.0140350887192982 0.0140350887192982 0.0140350887192982 0.0140350887192982 0.0140350887192982 0.0140350887192982
0.813008131081301 0.00813008230081301 0.00813008230081301 0.00813008230081301 0.00813008230081301 0.00813008230081301 0.00813008230081301 0.00813008230081301 0.016260163601626 0.016260163601626 0.016260163601626 0.016260163601626 0.016260163601626 0.016260163601626 0.016260163601626 0.016260163601626
0.293103449275862 0.275862069965517 0.0344827596206897 0.0344827596206897 0.0172413803103448 0.0517241389310345 0.000000001 0.000000001 0.0172413803103448 0.0172413803103448 0.0172413803103448 0.0344827596206897 0.000000001 0.0344827596206897 0.0517241389310345 0.120689656172414
0.0994623665913979 0.0954301085268817 0.0887096784193548 0.0887096784193548 0.0846774203548387 0.0766129042258065 0.0779569902473118 0.0698924741182796 0.0658602160537634 0.0577956999247312 0.0510752698172043 0.043010753688172 0.0389784956236559 0.0282258074516129 0.0201612913225806 0.0134408612150538
0.00987654420987654 0.0296296306296296 0.0345679022345679 0.0444444454444444 0.054320988654321 0.0740740750740741 0.0938271614938272 0.0888888898888889 0.118518519518519 0.116049383716049 0.0987654330987654 0.0790123466790123 0.0666666676666667 0.0493827170493827 0.0296296306296296 0.0123456800123457
0.926315790473684 0.0736842115263158 0.000000001 0.000000001 0.000000001 0.000000001 0.000000001 0.000000001 0.000000001 0.000000001 0.000000001 0.000000001 0.000000001 0.000000001 0.000000001 0.000000001
1.000000001 0.000000001 0.000000001 0.000000001 0.000000001 0.000000001 0.000000001 0.000000001 0.000000001 0.000000001 0.000000001 0.000000001 0.000000001 0.000000001 0.000000001 0.000000001
0.0245901649344262 0.0409836075573771 0.0573770501803279 0.0573770501803279 0.0655737714918033 0.0655737714918033 0.0573770501803279 0.0737704928032787 0.0737704928032787 0.0737704928032787 0.0819672141147541 0.0737704928032787 0.0655737714918033 0.0655737714918033 0.0655737714918033 0.0573770501803279
