0.0639686694073107 0.0626631863785901 0.0613577033498694 0.0626631863785901 0.0626631863785901 0.0626631863785901 0.0613577033498694 0.0613577033498694 0.0626631863785901 0.0626631863785901 0.0626631863785901 0.0626631863785901 0.0626631863785901 0.0626631863785901 0.0626631863785901 0.0626631863785901
0.00288600388600289 0.0656565666565656 0.0663780673780664 0.0678210688210678 0.0670995680995671 0.0670995680995671 0.0649350659350649 0.0663780673780664 0.0663780673780664 0.0663780673780664 0.0663780673780664 0.0663780673780664 0.0656565666565656 0.0678210688210678 0.0656565666565656 0.0670995680995671
0.0310077529379845 0.0155038769689922 0.0232558149534884 0.00775193898449612 0.0155038769689922 0.0155038769689922 0.00775193898449612 0.0232558149534884 0.0310077529379845 0.0232558149534884 0.00775193898449612 0.0155038769689922 0.0155038769689922 0.0155038769689922 0.000000001 0.751937985496124
0.000000001 0.00884955852212389 0.00884955852212389 0.00884955852212389 0.0176991160442478 0.000000001 0.00884955852212389 0.00884955852212389 0.00884955852212389 0.00884955852212389 0.00884955852212389 0.00884955852212389 0.00884955852212389 0.000000001 0.00884955852212389 0.884955753212389
0.000000001 0.0666666676666667 0.0666666676666667 0.0666666676666667 0.0666666676666667 0.0666666676666667 0.0666666676666667 0.0666666676666667 0.0666666676666667 0.0666666676666667 0.0666666676666667 0.0666666676666667 0.0666666676666667 0.0666666676666667 0.0666666676666667 0.0666666676666667
0.0652631588947368 0.0578947378421053 0.0568421062631579 0.0663157904736842 0.0715789483684211 0.0673684220526316 0.0673684220526316 0.0673684220526316 0.0673684220526316 0.0673684220526316 0.0631578957368421 0.060000001 0.0578947378421053 0.0578947378421053 0.060000001 0.0463157904736842
0.00892857242857143 0.00892857242857143 0.0178571438571429 0.00892857242857143 0.00892857242857143 0.00892857242857143 0.00892857242857143 0.000000001 0.00892857242857143 0.00892857242857143 0.00892857242857143 0.00892857242857143 0.000000001 0.000000001 0.000000001 0.892857143857143
0.0087719308245614 0.000000001 0.0175438606491228 0.0087719308245614 0.000000001 0.000000001 0.0175438606491228 0.0087719308245614 0.000000001 0.0087719308245614 0.0175438606491228 0.0087719308245614 0.0087719308245614 0.0087719308245614 0.0087719308245614 0.87719298345614
0.000000001 0.0666666676666667 0.0666666676666667 0.0666666676666667 0.0666666676666667 0.0666666676666667 0.0666666676666667 0.0666666676666667 0.0666666676666667 0.0666666676666667 0.0666666676666667 0.0666666676666667 0.0666666676666667 0.0666666676666667 0.0666666676666667 0.0666666676666667
0.00994318281818182 0.0184659100909091 0.0255681828181818 0.0568181828181818 0.0568181828181818 0.0738636373636364 0.0738636373636364 0.0738636373636364 0.0752840919090909 0.0767045464545455 0.0767045464545455 0.0767045464545455 0.0767045464545455 0.0752840919090909 0.0767045464545455 0.0767045464545455
0.000000001 0.000000001 0.000000001 0.000000001 0.000000001 0.000000001 0.000000001 0.000000001 0.000000001 0.000000001 0.000000001 0.0303030313030303 0.0378787888787879 0.0606060616060606 0.113636364636364 0.757575758575758
0.000000001 0.000000001 0.000000001 0.000000001 0.000000001 0.000000001 0.000000001 0.000000001 0.000000001 0.000000001 0.000000001 0.000000001 0.000000001 0.000000001 0.000000001 1.000000001
0.00967742035483871 0.0161290332580645 0.0193548397096774 0.0225806461612903 0.0258064526129032 0.032258065516129 0.0387096784193548 0.0516129042258065 0.0612903235806452 0.0741935493870968 0.0838709687419355 0.0935483880967742 0.112903226806452 0.12258064616129 0.119354839709677 0.116129033258065
0.0214041105890411 0.0616438366164384 0.0667808229178082 0.0702054804520548 0.0736301379863014 0.0770547955205479 0.0787671242876712 0.0761986311369863 0.0727739736027397 0.0693493160684931 0.0650684941506849 0.0607876722328767 0.0565068503150685 0.0530821927808219 0.0496575352465753 0.0470890420958904
0.044750431292599 0.0731497428244406 0.0714285724285714 0.0705679872306368 0.0688468168347676 0.0679862316368331 0.0671256464388985 0.0662650612409639 0.0645438908450947 0.0636833056471601 0.0611015500533563 0.0593803796574871 0.0576592092616179 0.0567986240636833 0.0542168684698795 0.0524956980740103
0.0641646499104116 0.0605326886513317 0.0605326886513317 0.0569007273922518 0.0641646499104116 0.0605326886513317 0.0617433424043584 0.0605326886513317 0.062953996157385 0.0641646499104116 0.0605326886513317 0.0653753036634383 0.0641646499104116 0.0653753036634383 0.0641646499104116 0.0641646499104116
0.0161290332580645 0.00806451712903226 0.00806451712903226 0.00806451712903226 0.0161290332580645 0.0161290332580645 0.0161290332580645 0.0161290332580645 0.0161290332580645 0.0161290332580645 0.00806451712903226 0.00806451712903226 0.0161290332580645 0.0161290332580645 0.00806451712903226 0.806451613903226
0.0293522277206478 0.0597166001902834 0.0607287459392713 0.0576923086923077 0.0587044544412955 0.0587044544412955 0.0576923086923077 0.0587044544412955 0.062753037437247 0.0637651831862348 0.0647773289352227 0.0647773289352227 0.0708502034291498 0.0728744949271255 0.0779352236720648 0.0809716609190284
0.000000001 0.0689655182413793 0.0689655182413793 0.0689655182413793 0.0689655182413793 0.0689655182413793 0.0689655182413793 0.0689655182413793 0.0689655182413793 0.0689655182413793 0.0668965527241379 0.0648275872068965 0.063448276862069 0.063448276862069 0.063448276862069 0.0572413803103448
