0.000000001 0.000000001 0.000000001 0.000000001 0.000000001 0.000000001 0.000000001 0.000000001 0.000000001 0.000000001 0.000000001 0.000000001 0.000000001 0.000000001 0.000000001 1.000000001
0.127986349122867 0.110921502706485 0.100682594856655 0.0887372023651877 0.0802047791569966 0.0699658713071672 0.0631399327406143 0.0614334480989761 0.0563139941740614 0.0426621170409556 0.037542663116041 0.037542663116041 0.0358361784744027 0.0324232091911263 0.0290102399078498 0.0255972706245734
0.00793650893650794 0.00793650893650794 0.0158730168730159 0.00793650893650794 0.0238095248095238 0.00793650893650794 0.00793650893650794 0.0158730168730159 0.00793650893650794 0.0238095248095238 0.0158730168730159 0.0158730168730159 0.0238095248095238 0.0158730168730159 0.00793650893650794 0.793650794650794
0.0125391859529781 0.0172413803103448 0.0188087784294671 0.0235109727868339 0.0266457690250784 0.0329153615015674 0.0517241389310345 0.0626959257648903 0.0752351107178683 0.0830721013134796 0.0877742956708464 0.0799373050752351 0.0956112862664577 0.100313480623824 0.106583073100313 0.125391850529781
0.0167064449140811 0.0322195714057279 0.0417661107852029 0.0513126501646778 0.0620525069665871 0.0763723160357995 0.0823389031479713 0.0906921251050119 0.0906921251050119 0.100238664484487 0.0847255379928401 0.0823389031479713 0.0739856811909308 0.0548926024319809 0.0393794759403341 0.0202863971813842
0.0087719308245614 0.0087719308245614 0.0087719308245614 0.0175438606491228 0.0087719308245614 0.0087719308245614 0.0087719308245614 0.0087719308245614 0.0087719308245614 0.0175438606491228 0.0087719308245614 0.000000001 0.0087719308245614 0.0087719308245614 0.0087719308245614 0.859649123807018
0.000000001 0.000000001 0.000000001 0.000000001 0.000000001 0.000000001 0.000000001 0.000000001 0.000000001 0.000000001 0.0233644869813084 0.0794392533364486 0.121495328102804 0.154205608476636 0.275700935579439 0.345794393523364
0.235602095240838 0.0418848177539267 0.0418848177539267 0.0366492156596859 0.0366492156596859 0.0366492156596859 0.031413613565445 0.0418848177539267 0.0366492156596859 0.0366492156596859 0.031413613565445 0.0366492156596859 0.031413613565445 0.0261780114712042 0.0261780114712042 0.272251309900524
0.000000001 0.00706713880918728 0.0141342766183746 0.0212014144275618 0.0247349833321555 0.0318021211413428 0.0318021211413428 0.03886925895053 0.0459363967597173 0.0530035345689046 0.0636042412826855 0.0812720858056537 0.113074205946996 0.137809188279152 0.15547703280212 0.180212015134276
0.00900901000900901 0.00900901000900901 0.00900901000900901 0.00900901000900901 0.00900901000900901 0.000000001 0.00900901000900901 0.00900901000900901 0.00900901000900901 0.00900901000900901 0.00900901000900901 0.000000001 0.000000001 0.000000001 0.00900901000900901 0.900900901900901
0.000000001 0.000000001 0.0374193558387097 0.0438709687419355 0.0451612913225806 0.047741936483871 0.0503225816451613 0.0541935493870968 0.0580645171290323 0.0658064526129032 0.0761290332580645 0.087741936483871 0.0941935493870968 0.100645162290323 0.109677420354839 0.129032259064516
0.279461280461279 0.127946128946128 0.0707070717070707 0.063973064973064 0.0505050515050505 0.037037038037037 0.037037038037037 0.037037038037037 0.037037038037037 0.0404040414040404 0.0404040414040404 0.0404040414040404 0.0437710447710438 0.0336700346700337 0.0336700346700337 0.0269360279360269
0.00517241479310345 0.0120689665172414 0.0206896561724138 0.0293103458275862 0.0379310354827586 0.0431034492758621 0.0517241389310345 0.0586206906551724 0.0672413803103448 0.0758620699655172 0.0775862078965517 0.0827586216896552 0.0844827596206897 0.0879310354827586 0.0931034492758621 0.172413794103448
0.0630975153403442 0.0618228180809433 0.0618228180809433 0.0624601667106437 0.0624601667106437 0.0624601667106437 0.0624601667106437 0.0624601667106437 0.0624601667106437 0.0624601667106437 0.0624601667106437 0.0630975153403442 0.0624601667106437 0.0624601667106437 0.0624601667106437 0.0630975153403442
0.0648148158148148 0.0601851861851852 0.0601851861851852 0.0601851861851852 0.0636574084074074 0.0613425935925926 0.062500001 0.062500001 0.062500001 0.062500001 0.0601851861851852 0.0601851861851852 0.0659722232222222 0.0659722232222222 0.0636574084074074 0.0636574084074074
0.0583232087764277 0.0595382756051033 0.0595382756051033 0.0607533424337789 0.0619684092624544 0.0619684092624544 0.0607533424337789 0.06318347609113 0.06318347609113 0.06318347609113 0.0643985429198056 0.0643985429198056 0.06318347609113 0.0643985429198056 0.0643985429198056 0.0668286765771567
0.0196078441372549 0.0261437918496732 0.0326797395620915 0.0261437918496732 0.0261437918496732 0.0261437918496732 0.0326797395620915 0.0261437918496732 0.0196078441372549 0.0261437918496732 0.0261437918496732 0.0261437918496732 0.0261437918496732 0.0196078441372549 0.0261437918496732 0.61437908596732
0.0472972982972973 0.0489864874864865 0.0506756766756757 0.0540540550540541 0.0540540550540541 0.0574324334324324 0.0591216226216216 0.0608108118108108 0.062500001 0.0658783793783784 0.0675675685675676 0.0709459469459459 0.0726351361351351 0.0743243253243243 0.0760135145135135 0.0777027037027027
0.0149082578807339 0.0217889918256881 0.0275229367798165 0.0321100927431193 0.0447247716422018 0.051605505587156 0.055045872559633 0.0573394505412844 0.0642201844862385 0.0688073404495413 0.0756880743944954 0.0779816523761468 0.0894495422844037 0.100917432192661 0.105504588155963 0.112385322100917
0.00277777877777778 0.00833333433333333 0.025000001 0.0472222232222222 0.0611111121111111 0.0805555565555555 0.100000001 0.105555556555556 0.119444445444444 0.105555556555556 0.0944444454444444 0.0805555565555555 0.0666666676666667 0.050000001 0.0361111121111111 0.0166666676666667
0.00815217491304348 0.00815217491304348 0.0135869575217391 0.0135869575217391 0.016304348826087 0.016304348826087 0.0190217401304348 0.0217391314347826 0.0271739140434783 0.0298913053478261 0.0298913053478261 0.0353260879565217 0.046195653173913 0.228260870565217 0.233695653173913 0.252717392304348
0.000000001 0.00892857242857143 0.00892857242857143 0.00892857242857143 0.00892857242857143 0.00892857242857143 0.00892857242857143 0.00892857242857143 0.00892857242857143 0.00892857242857143 0.00892857242857143 0.00892857242857143 0.00892857242857143 0.00892857242857143 0.000000001 0.883928572428571
