0.000000001 0.000000001 0.000000001 0.000000001 0.000000001 0.000000001 0.000000001 0.000000001 0.000000001 0.000000001 0.000000001 0.000000001 0.000000001 0.000000001 0.000000001 1.000000001
0.0236024854720497 0.031055901621118 0.0372670817453416 0.0447204978944099 0.0546583860931677 0.0608695662173913 0.0645962742919255 0.0683229823664596 0.0683229823664596 0.0720496904409938 0.0745341624906832 0.0770186345403727 0.0770186345403727 0.0795031065900621 0.0819875786397515 0.084472050689441
0.0078740167480315 0.0078740167480315 0.0078740167480315 0.0078740167480315 0.015748032496063 0.015748032496063 0.000000001 0.015748032496063 0.0078740167480315 0.015748032496063 0.0236220482440945 0.0236220482440945 0.0236220482440945 0.015748032496063 0.0236220482440945 0.78740157580315
0.000000001 0.0666666676666667 0.0666666676666667 0.0666666676666667 0.0666666676666667 0.0666666676666667 0.0666666676666667 0.0666666676666667 0.0666666676666667 0.0666666676666667 0.0666666676666667 0.0666666676666667 0.0666666676666667 0.0666666676666667 0.0666666676666667 0.0666666676666667
0.000000001 0.0155807375439093 0.0169971681388102 0.0184135987337111 0.0254957517082153 0.0410764882521246 0.0594900859858357 0.0722379613399433 0.0722379613399433 0.0679886695552408 0.0694051001501416 0.0949008508583569 0.104815865022663 0.0977337120481586 0.101983003832861 0.141643060490085
0.000789266982636148 0.0765588013157064 0.0749802693504341 0.0734017373851618 0.0718232054198895 0.0694554074719811 0.0678768755067088 0.0662983435414365 0.0662983435414365 0.0655090775588003 0.063930545593528 0.0623520136282557 0.0615627476456196 0.0607734816629834 0.0599842156803473 0.058405683715075
0.0161943329838057 0.0229419713103914 0.0296896096369771 0.0337381926329285 0.0404858309595142 0.0472334692860999 0.0553306352780027 0.0566801629433198 0.0647773289352227 0.0742240225924427 0.0796221332537112 0.087719299245614 0.0904183545762483 0.097165992902834 0.10391363122942 0.0998650482334683
0.000000001 0.000000001 0.000000001 0.000000001 0.000000001 0.000000001 0.000000001 0.000000001 0.000000001 0.000000001 0.000000001 0.000000001 0.000000001 0.000000001 0.000000001 1.000000001
0.0033112592781457 0.00496688841721854 0.00496688841721854 0.00827814669536424 0.0132450341125828 0.021523179807947 0.033112583781457 0.0447019877549669 0.0579470208675497 0.0711920539801325 0.0860927162317881 0.0993377493443709 0.117549669874172 0.132450332125828 0.147350994377483 0.153973510933775
0.0116959074327485 0.0175438606491228 0.0175438606491228 0.0146198840409357 0.0146198840409357 0.0146198840409357 0.0116959074327485 0.0116959074327485 0.0087719308245614 0.0146198840409357 0.0292397670818713 0.0555555565555556 0.0935672524619883 0.137426901584795 0.254385965912281 0.292397661818713
0.000000001 0.000000001 0.000000001 0.000000001 0.000000001 0.000000001 0.000000001 0.000000001 0.000000001 0.000000001 0.000000001 0.000000001 0.000000001 0.000000001 0.000000001 1.000000001
0.705035972223022 0.00719424560431655 0.0287769794172662 0.0215827348129496 0.00719424560431655 0.0287769794172662 0.0215827348129496 0.0287769794172662 0.0215827348129496 0.0359712240215827 0.0215827348129496 0.000000001 0.0143884902086331 0.0287769794172662 0.0215827348129496 0.00719424560431655
0.031055901621118 0.031055901621118 0.031055901621118 0.031055901621118 0.0248447214968944 0.031055901621118 0.0248447214968944 0.0248447214968944 0.0248447214968944 0.031055901621118 0.031055901621118 0.0248447214968944 0.0248447214968944 0.0248447214968944 0.0248447214968944 0.583850932677019
0.00476190576190476 0.00714285814285714 0.0119047629047619 0.0142857152857143 0.019047620047619 0.0261904771904762 0.0333333343333333 0.0428571438571429 0.0547619057619048 0.069047620047619 0.0833333343333333 0.0976190486190476 0.116666667666667 0.128571429571429 0.14047619147619 0.150000001
0.000000001 0.00996677840863787 0.0143964572569214 0.0343300120741971 0.0476190486190476 0.0520487274673311 0.0598006654518273 0.0686600231483942 0.0764119611328904 0.0841638991173865 0.10077519479845 0.0908084173898117 0.0908084173898117 0.0919158371018826 0.0908084173898117 0.0874861582535991
0.0158562377864693 0.0253699798583509 0.0264270623107822 0.0348837219302326 0.040169134192389 0.0486257938118393 0.0528541236215645 0.0591966183361522 0.0676532779556025 0.0782241024799154 0.0835095147420719 0.0887949270042283 0.0887949270042283 0.0919661743615222 0.0993657515285412 0.0983086690761099
0.0092378762886836 0.0207852203995381 0.0369515021547344 0.0484988462655889 0.069284065665127 0.0854503474203233 0.0969976915311778 0.108545035642032 0.106235566819861 0.103926097997691 0.0900692850646651 0.0785219409538106 0.0623556591986143 0.0484988462655889 0.0300230956882217 0.0046189386443418
0.00471698213207547 0.00943396326415094 0.00943396326415094 0.00943396326415094 0.00471698213207547 0.00471698213207547 0.00471698213207547 0.00471698213207547 0.00943396326415094 0.00943396326415094 0.00943396326415094 0.00471698213207547 0.00471698213207547 0.00943396326415094 0.438679246283019 0.462264151943396
0.000000001 0.0657718130805369 0.0664429540201342 0.0664429540201342 0.0671140949597315 0.0664429540201342 0.0671140949597315 0.0671140949597315 0.0671140949597315 0.0671140949597315 0.0664429540201342 0.0664429540201342 0.0671140949597315 0.0671140949597315 0.0657718130805369 0.0664429540201342
