0.0390243912439024 0.0617886188861789 0.0796747977479675 0.0764227652276423 0.0878048790487805 0.0813008140081301 0.0715447164471545 0.0617886188861789 0.0520325213252033 0.0536585375853659 0.056910570105691 0.0536585375853659 0.056910570105691 0.056910570105691 0.0552845538455285 0.0552845538455285
0.0651595754680851 0.0638297882340425 0.062500001 0.0638297882340425 0.0611702137659575 0.0611702137659575 0.0611702137659575 0.0611702137659575 0.062500001 0.062500001 0.0638297882340425 0.062500001 0.062500001 0.062500001 0.0611702137659575 0.062500001
0.00602409738554217 0.0481927720843374 0.0387263349070568 0.040447505302926 0.044750431292599 0.0791738392099828 0.0774526688141136 0.0740103280223752 0.0714285724285714 0.0783132540120482 0.0740103280223752 0.0740103280223752 0.0774526688141136 0.0688468168347676 0.0705679872306368 0.076592083616179
0.0498687674041995 0.0459317595301837 0.0446194235721785 0.05249343932021 0.062992126984252 0.062992126984252 0.068241470816273 0.0669291348582677 0.0669291348582677 0.0669291348582677 0.0708661427322835 0.0669291348582677 0.0669291348582677 0.0708661427322835 0.0656167989002625 0.0708661427322835
0.0620437966204379 0.0620437966204379 0.0608272516082725 0.0620437966204379 0.0632603416326034 0.0596107065961071 0.0620437966204379 0.0620437966204379 0.0644768866447689 0.0644768866447689 0.0669099766690998 0.0656934316569343 0.0632603416326034 0.0608272516082725 0.0608272516082725 0.0596107065961071
0.107142858142857 0.210084034613445 0.210084034613445 0.210084034613445 0.210084034613445 0.000000001 0.000000001 0.00420168167226891 0.00630252200840336 0.00420168167226891 0.0105042026806723 0.00420168167226891 0.00840336234453782 0.0105042026806723 0.00420168167226891 0.000000001
0.00878293701003764 0.0163111678757842 0.0213299884529486 0.0301129244629862 0.0388958604730238 0.0451693861944793 0.0589711427816813 0.0639899633588457 0.0690087839360101 0.0740276045131744 0.0803011302346299 0.0865746559560853 0.0915934765332497 0.0966122971104141 0.104140527976161 0.114178169130489
0.0495710210190658 0.0610104871773117 0.0705433756425167 0.0734032421820782 0.0714966644890372 0.0714966644890372 0.0705433756425167 0.0686367979494757 0.0686367979494757 0.0657769314099142 0.0629170648703527 0.0581506206377502 0.0543374652516683 0.0533841764051478 0.0495710210190658 0.0505243098655863
0.0682148050638607 0.0740203203033382 0.0798258355428157 0.0870827295921626 0.0870827295921626 0.0856313507822932 0.0856313507822932 0.0783744567329463 0.0711175626835994 0.0609579110145138 0.0595065322046444 0.0507982593454282 0.0406386076763425 0.0319303348171263 0.02322206195791 0.0159651679085631
0.000000001 0.0154798771609907 0.0294117657058824 0.0541795675634675 0.0804953570371517 0.0990712084303406 0.119195047439628 0.108359134126935 0.0944272455820433 0.0882352951176471 0.0773993818049536 0.0712074313405573 0.0619195056439629 0.0479876170990712 0.0356037161702786 0.0170278647770898
0.0984081051968162 0.0926193931852388 0.0897250371794501 0.085383503170767 0.0824891471649783 0.0781476131562952 0.0723589011447178 0.0680173671360347 0.0636758331273517 0.0593342991186686 0.0520984091041968 0.044862519089725 0.0361794510723589 0.0303907390607815 0.0246020270492041 0.0217076710434153
0.00208768367223382 0.00208768367223382 0.000000001 0.00208768367223382 0.00417536634446764 0.00208768367223382 0.100208769267223 0.102296451939457 0.102296451939457 0.0981210865949896 0.0981210865949896 0.100208769267223 0.0981210865949896 0.0960334039227558 0.0939457212505219 0.0981210865949896
0.0776255717762557 0.0776255717762557 0.076103501761035 0.0715372917153729 0.0715372917153729 0.0684931516849315 0.0669710816697108 0.0654490116544901 0.0624048716240487 0.0593607315936073 0.0547945215479452 0.0517503815175038 0.0517503815175038 0.0487062414870624 0.0471841714718417 0.0487062414870624
0.0143266485644699 0.0659025797965616 0.0659025797965616 0.0659025797965616 0.0659025797965616 0.0659025797965616 0.0659025797965616 0.0659025797965616 0.0659025797965616 0.0659025797965616 0.0630372502836676 0.0659025797965616 0.0659025797965616 0.0644699150401146 0.0673352445530086 0.0659025797965616
0.0387323953661972 0.0352112686056338 0.0669014094507042 0.0809859164929577 0.0915492967746479 0.0915492967746479 0.0915492967746479 0.0915492967746479 0.0809859164929577 0.073943662971831 0.0528169024084507 0.0422535221267606 0.0387323953661972 0.0387323953661972 0.0457746488873239 0.0387323953661972
0.0626979110696644 0.0620645988467384 0.0620645988467384 0.0626979110696644 0.0626979110696644 0.0633312232925902 0.0633312232925902 0.0626979110696644 0.0626979110696644 0.0626979110696644 0.0626979110696644 0.0620645988467384 0.0620645988467384 0.0620645988467384 0.0620645988467384 0.0620645988467384
0.000000001 0.103373232773667 0.0968443970826986 0.0892274221099021 0.0837867257007617 0.0783460292916213 0.073993472164309 0.0707290543188248 0.0663764971915125 0.0609358007823722 0.0565832436550599 0.0533188258095756 0.0489662686822633 0.044613711554951 0.0402611544276387 0.0326441794548422
0.0584045594045584 0.0683760693760684 0.066951567951567 0.0655270665270655 0.0655270665270655 0.0641025651025641 0.0626780636780627 0.0598290608290598 0.0584045594045584 0.0598290608290598 0.0584045594045584 0.056980057980057 0.0612535622535613 0.0598290608290598 0.0655270665270655 0.0683760693760684
0.219753087419753 0.0641975318641975 0.0617283960617284 0.0592592602592593 0.0518518528518518 0.0493827170493827 0.0419753096419753 0.0296296306296296 0.0246913590246914 0.0271604948271605 0.0271604948271605 0.0296296306296296 0.0395061738395062 0.054320988654321 0.0864197540864197 0.133333334333333
0.0120481937710843 0.0273822572979189 0.0306681280536692 0.0372398695651698 0.0438116110766703 0.0514786428400876 0.0547645135958379 0.0558598038477547 0.063526835611172 0.0690032868707557 0.0744797381303395 0.0843373503975904 0.0909090919090909 0.0974808334205915 0.100766704176342 0.106243155435926
0.0496894419937888 0.0755693591780538 0.0745341624906832 0.072463769115942 0.0693581790538302 0.0683229823664596 0.067287785679089 0.0662525889917184 0.0641821956169772 0.062111802242236 0.0600414088674948 0.0579710154927536 0.0559006221180124 0.0538302287432712 0.05175983536853 0.0507246386811594
0.00328407324958949 0.00656814549917898 0.0114942538735632 0.0229885067471264 0.0262725789967159 0.0295566512463054 0.0394088679950739 0.0426929402446634 0.0443349763694581 0.0558292292430214 0.09688013236289 0.111658457486043 0.119868638110016 0.124794746484401 0.13136289098358 0.133004927108374
0.00815217491304348 0.0122282618695652 0.0217391314347826 0.0326086966521739 0.0380434792608696 0.0502717401304348 0.0570652183913043 0.0570652183913043 0.0665760879565217 0.0733695662173913 0.0896739140434783 0.0991847836086956 0.112771740130435 0.111413044478261 0.104619566217391 0.0652173923043478
