0.0137614688899083 0.105504588155963 0.0997706432018349 0.0928899092568807 0.0837155973302752 0.0779816523761468 0.0722477074220183 0.0665137624678899 0.0630733954954128 0.0596330285229358 0.0573394505412844 0.0527522945779816 0.0481651386146789 0.0412844046697248 0.0355504597155963 0.0298165147614679
0.000000001 0.000000001 0.000000001 0.000000001 0.000000001 0.000000001 0.000000001 0.000000001 0.000000001 0.000000001 0.000000001 0.000000001 0.000000001 0.000000001 0.000000001 1.000000001
0.00178890976565295 0.0161001798908766 0.0465116289069767 0.0536672639695885 0.0536672639695885 0.0554561727352415 0.0608228990322004 0.0626118077978533 0.0590339902665474 0.0590339902665474 0.073345260391771 0.0715563516261181 0.073345260391771 0.0679785340948122 0.0679785340948122 0.177101968799642
0.0238341978911917 0.0290155450414508 0.0393782393419689 0.0424870476321243 0.049740933642487 0.0632124362331606 0.0632124362331606 0.0663212445233161 0.0704663222435233 0.0704663222435233 0.0746113999637306 0.0787564776839378 0.0797927471139896 0.0808290165440415 0.0797927471139896 0.0880829025544041
0.000927644784786642 0.0445269026697588 0.0426716151001855 0.0454545464545454 0.0463821902393321 0.0463821902393321 0.0723562162133581 0.0742115037829314 0.0742115037829314 0.075139147567718 0.075139147567718 0.0742115037829314 0.0714285724285714 0.0742115037829314 0.0918367356938775 0.0909090919090909
0.0166666676666667 0.025000001 0.00833333433333333 0.025000001 0.0166666676666667 0.000000001 0.00833333433333333 0.025000001 0.0166666676666667 0.0166666676666667 0.00833333433333333 0.00833333433333333 0.0166666676666667 0.00833333433333333 0.000000001 0.800000001
0.0632008164943935 0.0632008164943935 0.0652395524780836 0.0642201844862385 0.0621814485025484 0.0621814485025484 0.0621814485025484 0.0652395524780836 0.0642201844862385 0.0632008164943935 0.0621814485025484 0.0682976564536188 0.0632008164943935 0.0601427125188583 0.0570846085433231 0.054026504567788
0.00137174311248285 0.0665294934554184 0.0672153645116598 0.0665294934554184 0.0672153645116598 0.0658436223991769 0.0658436223991769 0.0665294934554184 0.0665294934554184 0.0665294934554184 0.0679012355679012 0.0672153645116598 0.0672153645116598 0.0665294934554184 0.0672153645116598 0.0637860092304527
0.00854700954700855 0.0170940180940171 0.0170940180940171 0.0170940180940171 0.0170940180940171 0.00854700954700855 0.00854700954700855 0.00854700954700855 0.00854700954700855 0.0170940180940171 0.00854700954700855 0.00854700954700855 0.000000001 0.000000001 0.000000001 0.854700855700855
0.016304348826087 0.016304348826087 0.0271739140434783 0.0108695662173913 0.0271739140434783 0.0217391314347826 0.0271739140434783 0.0271739140434783 0.0217391314347826 0.0271739140434783 0.0326086966521739 0.0434782618695652 0.0543478270869565 0.0489130444782609 0.0543478270869565 0.543478261869565
0.000000001 0.000000001 0.00324149208589951 0.00648298317179903 0.0113452198006483 0.0226904386012966 0.0324149118589951 0.0437601306596434 0.0583468405461912 0.0761750415186386 0.0858995147763371 0.103727715748784 0.119935171178282 0.128038898893031 0.145867099865478 0.162074555294976
0.00900901000900901 0.00900901000900901 0.018018019018018 0.00900901000900901 0.000000001 0.000000001 0.00900901000900901 0.00900901000900901 0.00900901000900901 0.00900901000900901 0.000000001 0.00900901000900901 0.027027028027027 0.000000001 0.00900901000900901 0.873873874873874
0.0076530622244898 0.00510204181632653 0.0178571438571429 0.0178571438571429 0.0229591846734694 0.0306122458979592 0.0408163275306122 0.048469388755102 0.0637755112040816 0.076530613244898 0.0790816336530612 0.0892857152857143 0.0994897969183673 0.119897960183673 0.13265306222449 0.147959184673469
0.0303030313030303 0.0242424252424242 0.0242424252424242 0.0303030313030303 0.0303030313030303 0.0303030313030303 0.0303030313030303 0.0303030313030303 0.0242424252424242 0.0303030313030303 0.0303030313030303 0.0303030313030303 0.0303030313030303 0.0303030313030303 0.0242424252424242 0.56969697069697
0.000000001 0.000000001 0.000000001 0.000000001 0.000000001 0.000000001 0.000000001 0.000000001 0.000000001 0.000000001 0.000000001 0.000000001 0.000000001 0.000000001 0.000000001 1.000000001
0.00756620528751576 0.0176544776708701 0.0277427500542245 0.0353089543417402 0.0416141245813367 0.0453972267250946 0.0491803288688525 0.0554854991084489 0.0605296353001261 0.0680958395876419 0.0744010098272383 0.0819672141147541 0.0920554864981084 0.104665826977301 0.114754099360656 0.123581337696091
0.00427350527350427 0.0170940180940171 0.0170940180940171 0.0213675223675214 0.0256410266410256 0.0256410266410256 0.0299145309145299 0.0299145309145299 0.0299145309145299 0.0427350437350427 0.0598290608290598 0.0769230779230769 0.102564103564103 0.132478633478632 0.162393163393162 0.222222223222222
0.000000001 0.000000001 0.000000001 0.000000001 0.000000001 0.000000001 0.000000001 0.000000001 0.000000001 0.000000001 0.000000001 0.000000001 0.000000001 0.000000001 0.000000001 1.000000001
0.00699300799300699 0.00699300799300699 0.00699300799300699 0.00932401032400932 0.00932401032400932 0.013986014986014 0.0233100243100233 0.0372960382960373 0.027972028972028 0.0186480196480186 0.0536130546130536 0.0536130546130536 0.0815850825850816 0.216783217783217 0.216783217783217 0.216783217783217
0.000000001 0.0133630299532294 0.0244988874142539 0.0267260589064588 0.022271715922049 0.0423162593518931 0.0534521168129176 0.0512249453207127 0.0556792883051225 0.0601336312895323 0.0556792883051225 0.0579064597973274 0.0623608027817372 0.0645879742739421 0.202672606790646 0.207126949775056
0.000000001 0.0666666676666667 0.0666666676666667 0.0666666676666667 0.0666666676666667 0.0666666676666667 0.0666666676666667 0.0666666676666667 0.0666666676666667 0.0666666676666667 0.0666666676666667 0.0666666676666667 0.0666666676666667 0.0666666676666667 0.0666666676666667 0.0666666676666667
0.000000001 0.000000001 0.000000001 0.000000001 0.000000001 0.000000001 0.000000001 0.000000001 0.000000001 0.000000001 0.000000001 0.000000001 0.000000001 0.000000001 0.000000001 1.000000001
