0.000000001 0.00869565317391304 0.00869565317391304 0.00869565317391304 0.00869565317391304 0.00869565317391304 0.000000001 0.00869565317391304 0.0173913053478261 0.00869565317391304 0.00869565317391304 0.0173913053478261 0.0173913053478261 0.00869565317391304 0.000000001 0.869565218391304
0.00813008230081301 0.00813008230081301 0.016260163601626 0.016260163601626 0.016260163601626 0.016260163601626 0.024390244902439 0.024390244902439 0.00813008230081301 0.00813008230081301 0.00813008230081301 0.00813008230081301 0.00813008230081301 0.00813008230081301 0.00813008230081301 0.813008131081301
0.0118296539968454 0.0694006319148265 0.0725552060473186 0.0733438495804416 0.0741324931135647 0.0749211366466877 0.0764984237129337 0.0709779189810726 0.0709779189810726 0.0694006319148265 0.0607255530504732 0.0575709789179811 0.056782335384858 0.056782335384858 0.0536277612523659 0.0504731871198738
0.0317982466140351 0.0350877202982456 0.037280702754386 0.0427631588947368 0.0482456150350877 0.0548245624035088 0.0603070185438597 0.0635964922280702 0.0701754395964912 0.0723684220526316 0.0756578957368421 0.0778508781929825 0.0789473694210526 0.0833333343333333 0.0833333343333333 0.0844298255614035
0.181818182818182 0.000000001 0.000000001 0.000000001 0.000000001 0.000000001 0.000000001 0.000000001 0.000000001 0.000000001 0.000000001 0.000000001 0.000000001 0.000000001 0.000000001 0.818181819181818
0.00194174857281553 0.00388349614563107 0.00194174857281553 0.00194174857281553 0.00194174857281553 0.00388349614563107 0.0116504864368932 0.0194174767281553 0.0330097097378641 0.0407767000291262 0.0679611660485437 0.132038835951456 0.145631068961165 0.161165049543689 0.178640777699029 0.194174758281553
0.0605670113092783 0.0631443308969072 0.0592783515154639 0.0618556711030928 0.0618556711030928 0.0618556711030928 0.0631443308969072 0.0618556711030928 0.0631443308969072 0.0657216504845361 0.0631443308969072 0.0618556711030928 0.0618556711030928 0.0644329906907217 0.0631443308969072 0.0631443308969072
0.000000001 0.0666666676666667 0.0666666676666667 0.0666666676666667 0.0666666676666667 0.0666666676666667 0.0666666676666667 0.0666666676666667 0.0666666676666667 0.0666666676666667 0.0666666676666667 0.0666666676666667 0.0666666676666667 0.0666666676666667 0.0666666676666667 0.0666666676666667
0.0131147550983607 0.0459016403442623 0.0459016403442623 0.0524590173934426 0.0524590173934426 0.059016394442623 0.0524590173934426 0.0524590173934426 0.0524590173934426 0.0557377059180328 0.0524590173934426 0.0524590173934426 0.0459016403442623 0.0459016403442623 0.0524590173934426 0.268852460016393
0.200000001 0.117808220178082 0.0794520557945205 0.0438356174383562 0.0273972612739726 0.00821917908219178 0.0164383571643836 0.0191780831917808 0.0219178092191781 0.0246575352465753 0.0301369873013699 0.0301369873013699 0.0356164393561644 0.0383561653835616 0.115068494150685 0.191780822917808
0.00833333433333333 0.00833333433333333 0.00833333433333333 0.00833333433333333 0.0166666676666667 0.00833333433333333 0.0166666676666667 0.0166666676666667 0.0166666676666667 0.0166666676666667 0.0166666676666667 0.0166666676666667 0.0166666676666667 0.000000001 0.000000001 0.825000001
0.0235294127647059 0.0235294127647059 0.0235294127647059 0.0258823539411765 0.0282352951176471 0.0352941186470588 0.0423529421764706 0.0423529421764706 0.0447058833529412 0.0494117657058823 0.0517647068823529 0.0517647068823529 0.0564705892352941 0.0588235304117647 0.216470589235294 0.225882353941176
