0.00380710759898477 0.0621827421167513 0.0621827421167513 0.0621827421167513 0.0621827421167513 0.0647208131827411 0.0621827421167513 0.0596446710507614 0.0609137065837563 0.0621827421167513 0.0634517776497462 0.0621827421167513 0.0621827421167513 0.0621827421167513 0.0621827421167513 0.125634518766497
0.000000001 0.000000001 0.000000001 0.000000001 0.000000001 0.000000001 0.000000001 0.000000001 0.000000001 0.000000001 0.000000001 0.000000001 0.000000001 0.000000001 0.000000001 1.000000001
0.000000001 0.0091743129266055 0.018348624853211 0.018348624853211 0.0091743129266055 0.000000001 0.000000001 0.000000001 0.000000001 0.0091743129266055 0.0091743129266055 0.000000001 0.000000001 0.000000001 0.0091743129266055 0.91743119366055
0.0597907334364723 0.0582959651255605 0.0538116601928251 0.0523168918819133 0.0508221235710015 0.0508221235710015 0.0538116601928251 0.0582959651255605 0.0582959651255605 0.0612855017473841 0.0597907334364723 0.062780270058296 0.0717488799237668 0.077727953167414 0.0837070264110613 0.0866965630328849
0.000000001 0.000000001 0.000000001 0.000000001 0.000000001 0.000000001 0.000000001 0.000000001 0.000000001 0.000000001 0.000000001 0.000000001 0.000000001 0.000000001 0.000000001 1.000000001
0.000000001 0.0176991160442478 0.000000001 0.000000001 0.0265486735663717 0.00884955852212389 0.00884955852212389 0.00884955852212389 0.00884955852212389 0.00884955852212389 0.000000001 0.00884955852212389 0.00884955852212389 0.0265486735663717 0.000000001 0.867256638168142
0.000677967101694915 0.0671186450677966 0.0671186450677966 0.0657627128644068 0.0671186450677966 0.0671186450677966 0.0671186450677966 0.0657627128644068 0.0671186450677966 0.0664406789661017 0.0671186450677966 0.0657627128644068 0.0677966111694915 0.0664406789661017 0.0671186450677966 0.0644067806610169
0.000000001 0.00847457727118644 0.0169491535423729 0.00847457727118644 0.0169491535423729 0.00847457727118644 0.00847457727118644 0.00847457727118644 0.0169491535423729 0.0169491535423729 0.00847457727118644 0.00847457727118644 0.00847457727118644 0.00847457727118644 0.00847457727118644 0.847457628118644
0.00840336234453782 0.00840336234453782 0.00840336234453782 0.00840336234453782 0.00840336234453782 0.00840336234453782 0.0168067236890756 0.00840336234453782 0.0252100850336134 0.00840336234453782 0.00840336234453782 0.00840336234453782 0.00840336234453782 0.00840336234453782 0.0168067236890756 0.840336135453781
0.000000001 0.000000001 0.000000001 0.000000001 0.000000001 0.0106382988723404 0.0212765967446809 0.0265957456808511 0.0265957456808511 0.0372340435531915 0.0372340435531915 0.0531914903617021 0.0638297882340425 0.0797872350425532 0.111702128659574 0.531914894617021
0.00397351093377483 0.00794702086754967 0.0132450341125828 0.0225165572913907 0.033112583781457 0.0450331135827815 0.0556291400728477 0.0635761599403974 0.0741721864304636 0.0874172195430464 0.0993377493443709 0.104635762589404 0.111258279145695 0.101986755966887 0.095364239410596 0.080794702986755
0.062500001 0.062500001 0.062500001 0.062500001 0.062500001 0.062500001 0.062500001 0.062500001 0.062500001 0.062500001 0.062500001 0.062500001 0.062500001 0.062500001 0.062500001 0.062500001
0.0549450559450549 0.0557299853014129 0.0565149146577708 0.0572998440141287 0.0580847733704867 0.0580847733704867 0.0588697027268446 0.0604395614395604 0.0612244907959184 0.0620094201522763 0.0635792788649922 0.0659340669340659 0.0682888550031397 0.0706436430722135 0.0729984311412873 0.0753532192103611
0.00910470509711684 0.0166919585113809 0.0227617612427921 0.0288315639742033 0.0364188173884674 0.0440060708027314 0.0500758735341426 0.0546282255827011 0.0622154789969651 0.0698027324112291 0.0773899858254932 0.0849772392397572 0.0940819433368741 0.100151746068285 0.110773900848255 0.138088013139605
0.000000001 0.000000001 0.000000001 0.000000001 0.000000001 0.000000001 0.00943396326415094 0.00943396326415094 0.00943396326415094 0.00943396326415094 0.00943396326415094 0.00943396326415094 0.000000001 0.000000001 0.00943396326415094 0.933962265150943
0.000000001 0.000000001 0.000000001 0.000000001 0.000000001 0.000000001 0.000000001 0.000000001 0.000000001 0.000000001 0.000000001 0.000000001 0.000000001 0.000000001 0.000000001 1.000000001
0.0154320997654321 0.0164609063497942 0.0236625524403292 0.0329218116995885 0.0421810709588477 0.0473251038806584 0.0606995894773662 0.0689300421522634 0.0751028816584362 0.0792181079958848 0.088477367255144 0.088477367255144 0.088477367255144 0.0895061738395062 0.0905349804238683 0.0925925935925926
0.000000001 0.000000001 0.000000001 0.000000001 0.000000001 0.000000001 0.000000001 0.000000001 0.000000001 0.000000001 0.115702480338843 0.144628100173554 0.128099174553719 0.0991735547190083 0.0991735547190083 0.413223141495868
0.000000001 0.12116991743454 0.110027856153203 0.101671310192201 0.0905292489108635 0.0807799452896936 0.0752089146490251 0.0682451263481894 0.0654596110278551 0.0612813380473538 0.0543175497465181 0.0487465191058496 0.0403899731448468 0.0334261848440111 0.0278551542033426 0.020891365902507
