0.00842696729213483 0.00842696729213483 0.00561797852808989 0.00280898976404494 0.00561797852808989 0.00561797852808989 0.0140449448202247 0.0252808998764045 0.0477528099887641 0.0646067425730337 0.0842696639213483 0.101123596505618 0.120786517853933 0.148876405494382 0.168539326842697 0.188202248191011
0.000000001 0.000000001 0.000000001 0.000000001 0.000000001 0.000000001 0.000000001 0.000000001 0.000000001 0.000000001 0.000000001 0.000000001 0.000000001 0.000000001 0.318518519518519 0.681481482481481
0.0030188689245283 0.069433963264151 0.069433963264151 0.069433963264151 0.0679245293018868 0.0679245293018868 0.070188680245283 0.0709433972264151 0.0641509443962264 0.0641509443962264 0.0626415104339623 0.0611320764716981 0.0664150953396226 0.0664150953396226 0.0611320764716981 0.0656603783584906
0.272727273727273 0.012987013987013 0.00649350749350649 0.00649350749350649 0.00649350749350649 0.000000001 0.00649350749350649 0.012987013987013 0.00649350749350649 0.00649350749350649 0.00649350749350649 0.000000001 0.012987013987013 0.00649350749350649 0.000000001 0.636363637363636
0.00769230869230769 0.00769230869230769 0.00769230869230769 0.0230769240769231 0.0230769240769231 0.0230769240769231 0.0153846163846154 0.0153846163846154 0.0384615394615385 0.00769230869230769 0.00769230869230769 0.0153846163846154 0.0384615394615385 0.0307692317692308 0.00769230869230769 0.730769231769231
0.000000001 0.00295858088165681 0.00739645070414201 0.00887574064497041 0.0162721903491124 0.0236686400532544 0.029585799816568 0.0443786992248521 0.0636094684556213 0.0843195276272189 0.0961538471538462 0.10207100691716 0.112426036502959 0.127218935911243 0.133136095674556 0.14792899508284
0.0365251737541955 0.0375123405853899 0.0424481747413623 0.0463968420661402 0.0493583425597236 0.0552813435468904 0.0612043445340573 0.0661401786900296 0.0720631796771964 0.0720631796771964 0.0720631796771964 0.0740375133395854 0.071076012846002 0.0769990138331688 0.0819348479891411 0.0848963484827246
0.0075187979924812 0.0225563919774436 0.000000001 0.0225563919774436 0.0150375949849624 0.0225563919774436 0.0225563919774436 0.037593985962406 0.037593985962406 0.0225563919774436 0.0150375949849624 0.0150375949849624 0.0075187979924812 0.0075187979924812 0.0075187979924812 0.736842106263158
0.000000001 0.000000001 0.000000001 0.000000001 0.000000001 0.000000001 0.000000001 0.000000001 0.000000001 0.000000001 0.000000001 0.000000001 0.000000001 0.000000001 0.000000001 1.000000001
0.00892857242857143 0.00892857242857143 0.00892857242857143 0.00892857242857143 0.00892857242857143 0.00892857242857143 0.00892857242857143 0.00892857242857143 0.00892857242857143 0.000000001 0.00892857242857143 0.00892857242857143 0.00892857242857143 0.00892857242857143 0.00892857242857143 0.875000001
0.000000001 0.0102040826326531 0.0142857152857143 0.0163265316122449 0.0204081642653061 0.026530613244898 0.036734694877551 0.0448979601836735 0.0469387765102041 0.0530612254897959 0.0673469397755102 0.0816326540612245 0.102040817326531 0.130612245897959 0.163265307122449 0.185714286714286
0.000000001 0.000000001 0.00311526579750779 0.0166147465867082 0.0259605409792316 0.0342679137725857 0.0415368649667705 0.0477673945617861 0.103842160916926 0.103842160916926 0.103842160916926 0.103842160916926 0.103842160916926 0.103842160916926 0.103842160916926 0.103842160916926
0.000000001 0.0667556752323097 0.0654205617476635 0.0667556752323097 0.0667556752323097 0.0667556752323097 0.0667556752323097 0.0667556752323097 0.0667556752323097 0.0667556752323097 0.0667556752323097 0.0667556752323097 0.0667556752323097 0.0667556752323097 0.0667556752323097 0.0667556752323097
0.000000001 0.0448717958717949 0.0512820522820513 0.0480769240769231 0.0480769240769231 0.0480769240769231 0.0512820522820513 0.0448717958717949 0.0544871804871795 0.0544871804871795 0.0544871804871795 0.0544871804871795 0.0512820522820513 0.0576923086923077 0.0544871804871795 0.282051283051282
0.000000001 0.000000001 0.000000001 0.000000001 0.000000001 0.000000001 0.000000001 0.000000001 0.000000001 0.000000001 0.000000001 0.000000001 0.000000001 0.000000001 0.000000001 1.000000001
0.000000001 0.0077120832622108 0.0077120832622108 0.0102827773496144 0.0102827773496144 0.012853471437018 0.012853471437018 0.0179948596118252 0.0179948596118252 0.025706941874036 0.0437018004858612 0.077120823622108 0.123393317195373 0.172236504856041 0.215938304341902 0.244215939303342
0.000000001 0.000000001 0.000000001 0.000000001 0.000000001 0.000000001 0.000000001 0.000000001 0.000000001 0.000000001 0.000000001 0.000000001 0.000000001 0.000000001 0.000000001 1.000000001
0.0287769794172662 0.0287769794172662 0.0287769794172662 0.0359712240215827 0.0215827348129496 0.0143884902086331 0.0143884902086331 0.0143884902086331 0.0143884902086331 0.0143884902086331 0.0215827348129496 0.0215827348129496 0.0215827348129496 0.00719424560431655 0.00719424560431655 0.705035972223022
0.000000001 0.000000001 0.000000001 0.000000001 0.000000001 0.000000001 0.000000001 0.000000001 0.000000001 0.000000001 0.000000001 0.000000001 0.000000001 0.000000001 0.0990991000990991 0.900900901900901
0.00847457727118644 0.00847457727118644 0.00847457727118644 0.000000001 0.00847457727118644 0.00847457727118644 0.00847457727118644 0.000000001 0.00847457727118644 0.0254237298135593 0.0169491535423729 0.0169491535423729 0.00847457727118644 0.0169491535423729 0.00847457727118644 0.847457628118644
0.0130468160422103 0.0713737538779739 0.0698388344612433 0.069071374752878 0.0683039150445127 0.0683039150445127 0.066768995627782 0.066768995627782 0.0652340762110514 0.0652340762110514 0.0644666165026861 0.0644666165026861 0.0629316970859555 0.0621642373775902 0.0613967776692249 0.0606293179608596
0.000000001 0.0431499470625674 0.0571736795329018 0.0604099254875944 0.0711974120032362 0.0658036687454153 0.0679611660485437 0.0809061498673139 0.0679611660485437 0.0711974120032362 0.075512406609493 0.075512406609493 0.0809061498673139 0.0744336579579288 0.0604099254875944 0.0474649416688242
0.000000001 0.000000001 0.000000001 0.000000001 0.000000001 0.000000001 0.000000001 0.000000001 0.000000001 0.000000001 0.000000001 0.000000001 0.000000001 0.000000001 0.000000001 1.000000001
