0.0011454763722795 0.011454754722795 0.0252004591901489 0.0297823606792669 0.0389461636575029 0.0469644912634593 0.0492554420080183 0.0641466218476518 0.0710194740813287 0.0767468509427262 0.0824742278041237 0.0836197031764032 0.0882016046655212 0.107674685994273 0.111111112111111 0.112256587483391
0.00245398873006135 0.0159509212453988 0.0208588967055215 0.0319018414907975 0.0404907985460123 0.049079755601227 0.056441718791411 0.0638036819815951 0.0687116574417178 0.0736196329018405 0.0809815960920245 0.0822085899570552 0.0920245408773006 0.098159510202454 0.104294479527607 0.119018405907975
0.000000001 0.000000001 0.000000001 0.000000001 0.000000001 0.00680272208843538 0.000000001 0.000000001 0.0136054431768707 0.00680272208843538 0.000000001 0.000000001 0.000000001 0.122448980591837 0.292517007802721 0.557823130251701
0.000000001 0.00321543508360129 0.00321543508360129 0.00321543508360129 0.0128617373344051 0.0128617373344051 0.022508039585209 0.0289389077524116 0.0385852100032154 0.0546623804212219 0.0578778145048231 0.0868167212572347 0.090032155340836 0.0932475894244373 0.176848875598071 0.315112541192926
0.00202565933896016 0.0668467261856854 0.0654962872930452 0.0668467261856854 0.0675219456320054 0.0661715067393653 0.0661715067393653 0.0654962872930452 0.0654962872930452 0.0668467261856854 0.0661715067393653 0.0668467261856854 0.0654962872930452 0.0675219456320054 0.0675219456320054 0.0675219456320054
0.000000001 0.0666666676666667 0.0666666676666667 0.0666666676666667 0.0666666676666667 0.0666666676666667 0.0666666676666667 0.0666666676666667 0.0666666676666667 0.0666666676666667 0.0666666676666667 0.0666666676666667 0.0666666676666667 0.0666666676666667 0.0666666676666667 0.0666666676666667
0.00137551681843191 0.0137551591843191 0.0165061908211829 0.0192572224580468 0.0247592857317744 0.0357634122792297 0.0536451179188446 0.0729023393768913 0.0797799184690509 0.0894085291980743 0.0907840450165062 0.0921595608349381 0.104539203200825 0.108665750656121 0.108665750656121 0.0880330133796424
0.0402476790185759 0.0278637780897833 0.0325077409380805 0.0356037161702786 0.0402476790185759 0.0464396294829721 0.0495356047151703 0.0572755427956656 0.0665634684922601 0.0743034065727554 0.0804953570371517 0.0851393198854489 0.0897832827337461 0.10061919604644 0.0897832827337461 0.0835913322693499
0.0158730168730159 0.0158730168730159 0.0264550274550265 0.0476190486190476 0.037037038037037 0.037037038037037 0.0634920644920635 0.0582010592010582 0.0476190486190476 0.0634920644920635 0.0846560856560847 0.0793650803650794 0.0846560856560847 0.0899470909470899 0.105820106820106 0.142857143857143
0.0158730168730159 0.00793650893650794 0.00793650893650794 0.00793650893650794 0.00793650893650794 0.0238095248095238 0.00793650893650794 0.0158730168730159 0.00793650893650794 0.0238095248095238 0.0158730168730159 0.0158730168730159 0.0158730168730159 0.0158730168730159 0.0158730168730159 0.793650794650794
0.00604229707250755 0.293051360516616 0.232628399791541 0.196374623356495 0.132930514595166 0.081570997978852 0.0392749254712991 0.000000001 0.000000001 0.00302114903625378 0.00302114903625378 0.000000001 0.00302114903625378 0.00302114903625378 0.00302114903625378 0.00302114903625378
0.115384616384615 0.153846154846154 0.115384616384615 0.115384616384615 0.0769230779230769 0.0384615394615385 0.0384615394615385 0.0384615394615385 0.0384615394615385 0.0384615394615385 0.0384615394615385 0.000000001 0.0384615394615385 0.0384615394615385 0.0769230779230769 0.0384615394615385
0.00892857242857143 0.000000001 0.000000001 0.00892857242857143 0.0178571438571429 0.0178571438571429 0.00892857242857143 0.00892857242857143 0.00892857242857143 0.000000001 0.00892857242857143 0.00892857242857143 0.00892857242857143 0.000000001 0.00892857242857143 0.883928572428571
0.00620347494540943 0.0173697280471464 0.0248138967816377 0.0310173707270471 0.0409429290397022 0.0471464029851117 0.054590571719603 0.0595533508759305 0.0657568248213399 0.0694789091885856 0.0769230779230769 0.0893300258138958 0.098014889337469 0.101736973704715 0.10545905807196 0.11166253201737
0.0155038769689922 0.0155038769689922 0.0155038769689922 0.0232558149534884 0.0155038769689922 0.0232558149534884 0.0155038769689922 0.0155038769689922 0.0155038769689922 0.00775193898449612 0.00775193898449612 0.0155038769689922 0.0232558149534884 0.00775193898449612 0.00775193898449612 0.775193799449612
0.000000001 0.00840336234453782 0.00840336234453782 0.000000001 0.00840336234453782 0.00840336234453782 0.0168067236890756 0.0168067236890756 0.0168067236890756 0.0252100850336134 0.0168067236890756 0.000000001 0.0168067236890756 0.0168067236890756 0.00840336234453782 0.831932774109244
0.000000001 0.00934579539252336 0.00934579539252336 0.00934579539252336 0.000000001 0.000000001 0.000000001 0.00934579539252336 0.00934579539252336 0.00934579539252336 0.000000001 0.000000001 0.000000001 0.00934579539252336 0.00934579539252336 0.925233645859813
0.0155728597319244 0.0255839832024472 0.0300333714115684 0.0378198007775306 0.0433815360389321 0.0478309242480534 0.0545050065617353 0.0600667418231368 0.0645161300322581 0.0700778652936596 0.0778642946596218 0.085650724025584 0.0923248063392658 0.0945495004438265 0.0989988886529477 0.101223582757508
