0.0151260514201681 0.0823529421764706 0.110924370747899 0.105882353941176 0.107563026210084 0.0974789925966386 0.0857142867142857 0.0756302531008403 0.0672268917563025 0.0588235304117647 0.053781513605042 0.0436974799915966 0.0336134463781513 0.0252100850336134 0.0201680682268908 0.0168067236890756
0.000000001 0.0149253741343284 0.708955224880597 0.0223880607014925 0.00746268756716418 0.0298507472686567 0.00746268756716418 0.0223880607014925 0.0223880607014925 0.0223880607014925 0.00746268756716418 0.0298507472686567 0.0447761204029851 0.0149253741343284 0.0223880607014925 0.0223880607014925
0.00848896534634975 0.0101867582156197 0.0186757225619694 0.0390492369932088 0.0645161300322581 0.0713073015093379 0.0814940587249576 0.0831918515942275 0.0848896444634975 0.0780984729864177 0.0764006801171477 0.0747028872478778 0.0747028872478778 0.0730050943786078 0.0747028872478778 0.0865874373327674
0.00338983150847458 0.0664406789661017 0.0671186450677966 0.0664406789661017 0.0671186450677966 0.0671186450677966 0.0664406789661017 0.0664406789661017 0.0657627128644068 0.0664406789661017 0.0664406789661017 0.0664406789661017 0.0650847467627119 0.0664406789661017 0.0650847467627119 0.0677966111694915
0.000000001 0.000000001 0.00727272827272727 0.000000001 0.000000001 0.000000001 0.000000001 0.000000001 0.000000001 0.000000001 0.000000001 0.000000001 0.145454546454545 0.232727273727273 0.276363637363636 0.338181819181818
0.00709219958156028 0.0271867622293144 0.0378250601016548 0.0555555565555555 0.0567375896524823 0.0591016558463357 0.066193854427896 0.0685579206217494 0.074468086106383 0.0768321523002364 0.0756501192033097 0.0768321523002364 0.074468086106383 0.0768321523002364 0.08274231778487 0.0839243508817967
0.011864407779661 0.076271187440678 0.0779661026949152 0.076271187440678 0.0728813569322034 0.0694915264237288 0.0686440687966102 0.0669491535423729 0.0661016959152542 0.0652542382881356 0.0677966111694915 0.0593220348983051 0.0593220348983051 0.0542372891355932 0.0525423738813559 0.0550847467627119
0.017500001 0.022500001 0.031250001 0.042500001 0.057500001 0.072500001 0.082500001 0.093750001 0.092500001 0.093750001 0.090000001 0.077500001 0.072500001 0.063750001 0.052500001 0.037500001
0.0440456779983687 0.0815660695154976 0.0815660695154976 0.0815660695154976 0.0815660695154976 0.0815660695154976 0.0815660695154976 0.0815660695154976 0.0734094626639478 0.0644371951272431 0.0546492669053834 0.0481239814241436 0.0424143566280587 0.0375203925171289 0.034257749776509 0.0301794463507341
0.00337837937837838 0.00337837937837838 0.00337837937837838 0.00337837937837838 0.00337837937837838 0.0101351361351351 0.00337837937837838 0.00337837937837838 0.00675675775675676 0.00337837937837838 0.0304054064054054 0.0574324334324324 0.108108109108108 0.179054055054054 0.263513514513514 0.317567568567568
0.0215343213230148 0.0686406470296097 0.0672947520094213 0.0646029619690444 0.0646029619690444 0.0646029619690444 0.0659488569892328 0.0659488569892328 0.063257066948856 0.0659488569892328 0.0646029619690444 0.063257066948856 0.063257066948856 0.0619111719286676 0.0659488569892328 0.0686406470296097
0.00835073168893528 0.0146137797056367 0.0271398757390397 0.0396659717724426 0.0542797504780793 0.0626304811670146 0.0678496878475992 0.0709812118559499 0.0762004185365344 0.081419625217119 0.0876826732338205 0.092901879914405 0.0876826732338205 0.0835073078893528 0.0772442598726513 0.0678496878475992
0.00786782161369001 0.0747442968300551 0.0739575147686861 0.0715971685845791 0.0700236044618411 0.0692368224004721 0.0684500403391031 0.0676632582777341 0.0660896941549961 0.0660896941549961 0.0637293479708891 0.0621557838481511 0.0605822197254131 0.0597954376640441 0.0590086556026751 0.0590086556026751
0.0107719938186715 0.0287253151831239 0.0377019758653501 0.0359066437289048 0.0430879722746858 0.052064632956912 0.059245961502693 0.0628366257755835 0.0646319579120287 0.0754039507307002 0.0771992828671454 0.0843806114129264 0.0915619399587074 0.0915619399587074 0.0897666078222621 0.0951526042315978
0.000000001 0.000000001 0.000000001 0.000000001 0.0294736852105263 0.0294736852105263 0.0252631588947368 0.0294736852105263 0.0294736852105263 0.0568421062631579 0.0757894746842105 0.0989473694210526 0.115789474684211 0.136842106263158 0.162105264157895 0.210526316789474
0.000000001 0.000000001 0.000000001 0.000000001 0.000000001 0.0160320651282565 0.032064129256513 0.0480961933847695 0.062124249496994 0.0801603216412826 0.108216433865731 0.138276554106212 0.166332666330661 0.142284570138277 0.112224449897796 0.094188377753507
0.0201342291879195 0.0335570479798658 0.0469798667718121 0.0536912761677852 0.0671140949597315 0.0738255043557047 0.0805369137516778 0.087248323147651 0.087248323147651 0.087248323147651 0.087248323147651 0.0805369137516778 0.0671140949597315 0.0536912761677852 0.0469798667718121 0.0268456385838926
0.0751028816584362 0.0761316882427984 0.0730452684897119 0.0637860092304527 0.0699588487366255 0.0679012355679012 0.0668724289835391 0.0658436223991769 0.0627572026460905 0.0617283960617284 0.058641976308642 0.0555555565555556 0.0545267499711934 0.0565843631399177 0.0452674907119342 0.0462962972962963
0.0022271724922049 0.000000001 0.0044543439844098 0.0066815154766147 0.0155902014454343 0.0200445444298441 0.0356347448752784 0.0512249453207127 0.0645879742739421 0.0757238317349666 0.0913140321804009 0.10022271814922 0.11804009008686 0.122494433071269 0.138084633516704 0.153674833962138
0.00399201696806387 0.00798403293612775 0.00798403293612775 0.0139720568882236 0.0239520968083832 0.0379241526966068 0.0479041926167665 0.0558882245528942 0.0658682644730539 0.0738522964091816 0.0838323363293413 0.0918163682654691 0.103792416169661 0.109780440121757 0.125748503994012 0.145708583834331
0.000000001 0.192307693307692 0.123076924076923 0.113461539461538 0.0961538471538461 0.0826923086923077 0.0711538471538462 0.0596153856153846 0.0557692317692308 0.0403846163846154 0.0384615394615385 0.0384615394615385 0.0384615394615385 0.0269230779230769 0.0230769240769231 0.000000001
0.00709219958156028 0.00851063929787234 0.0156028378794326 0.0156028378794326 0.0198581570283688 0.0340425541914894 0.049645391070922 0.0624113485177305 0.073758866248227 0.0907801428439716 0.106382979723404 0.112056738588652 0.11063829887234 0.113475178304965 0.112056738588652 0.0680851073829787
0.0126291628828932 0.0241102191400689 0.0298507472686567 0.0378874866486797 0.0436280147772675 0.0493685429058553 0.0539609654087256 0.0585533879115959 0.0654420216659013 0.0711825497944891 0.0792192891745121 0.0838117116773823 0.0884041341802526 0.0941446623088404 0.101033296063146 0.106773824191734
