0.000000001 0.0131578957368421 0.0230263167894737 0.0328947378421053 0.0427631588947368 0.0526315799473684 0.0592105273157895 0.0723684220526316 0.0822368431052632 0.0888157904736842 0.108552632578947 0.121710527315789 0.131578948368421 0.0888157904736842 0.0559210536315789 0.0263157904736842
0.00240963955421687 0.0108433744939759 0.0120481937710843 0.0132530130481928 0.0289156636506024 0.0530120491927711 0.0698795190722891 0.0734939769036144 0.0963855431686747 0.0963855431686747 0.0855421696746988 0.0891566275060241 0.0939759046144578 0.0927710853373494 0.0891566275060241 0.0927710853373494
0.00856164483561644 0.0102739736027397 0.00171232976712329 0.00171232976712329 0.00684931606849315 0.0102739736027397 0.0256849325068493 0.0342465763424658 0.0496575352465753 0.0599315078493151 0.0924657544246575 0.104452055794521 0.14041095990411 0.159246576342466 0.154109590041096 0.14041095990411
0.00757575857575758 0.0151515161515152 0.0212121222121212 0.0287878797878788 0.0348484858484849 0.0439393949393939 0.050000001 0.0560606070606061 0.0621212131212121 0.0696969706969697 0.0787878797878788 0.0893939403939394 0.0984848494848485 0.106060607060606 0.115151516151515 0.122727273727273
0.0551181112362205 0.057742783152231 0.0590551191102362 0.0590551191102362 0.0590551191102362 0.0590551191102362 0.0603674550682415 0.0603674550682415 0.0616797910262467 0.0616797910262467 0.062992126984252 0.062992126984252 0.0656167989002625 0.0708661427322835 0.0695538067742782 0.0748031506062992
0.0169286587992745 0.0278113673845224 0.0350665064413543 0.0544135439262394 0.067714632197098 0.0689238220399033 0.0701330118827086 0.0701330118827086 0.067714632197098 0.0725513915683192 0.0689238220399033 0.0713422017255139 0.0737605814111245 0.0785973407823458 0.0785973407823458 0.0773881509395405
0.0228245373766049 0.0485021408002853 0.0641940095592011 0.0699001436533524 0.0741797442239658 0.0784593447945792 0.0855920124122682 0.0841654788887304 0.079885878318117 0.0770328112710414 0.0699001436533524 0.0613409425121255 0.0542082748944365 0.0485021408002853 0.0427960067061341 0.0385164061355207
0.0475161997041037 0.0950323984082073 0.0982721392289417 0.0863930895529158 0.0799136079114471 0.0745140398768898 0.0712742990561555 0.0647948174146868 0.060475162987041 0.0550755949524838 0.0496760269179266 0.0442764588833693 0.0431965452764579 0.0431965452764579 0.0431965452764579 0.0431965452764579
0.062500001 0.0638020843333333 0.0638020843333333 0.062500001 0.062500001 0.062500001 0.062500001 0.0611979176666667 0.062500001 0.062500001 0.0611979176666667 0.0611979176666667 0.0638020843333333 0.062500001 0.062500001 0.062500001
0.0631313141313131 0.0618686878686869 0.0631313141313131 0.0618686878686869 0.0618686878686869 0.0606060616060606 0.0606060616060606 0.0618686878686869 0.0631313141313131 0.0631313141313131 0.0631313141313131 0.0631313141313131 0.0631313141313131 0.0631313141313131 0.0631313141313131 0.0631313141313131
0.0424679497179487 0.0721153856153846 0.0657051292051282 0.0600961548461538 0.0552884625384615 0.0488782061282051 0.0512820522820513 0.0544871804871795 0.0568910266410256 0.0608974368974359 0.0641025651025641 0.0665064112564103 0.0697115394615385 0.0745192317692308 0.0769230779230769 0.0801282061282051
0.243636364636364 0.210909091909091 0.200000001 0.134545455545455 0.0181818191818182 0.0181818191818182 0.0181818191818182 0.0145454555454545 0.0218181828181818 0.0218181828181818 0.0218181828181818 0.0145454555454545 0.0254545464545455 0.0181818191818182 0.0109090919090909 0.00727272827272727
0.0480202200395956 0.0488626800227464 0.050547599989048 0.0522325199553496 0.054759899904802 0.0572872798542544 0.0598146598037068 0.0623420397531592 0.0640269597194608 0.0657118796857624 0.067396799652064 0.0699241796015164 0.071609099567818 0.0732940195341196 0.075821399483572 0.0783487794330244
0.0503225816451613 0.047741936483871 0.047741936483871 0.0541935493870968 0.0490322590645161 0.0503225816451613 0.0529032268064516 0.0567741945483871 0.0593548397096774 0.0606451622903226 0.0658064526129032 0.0696774203548387 0.0735483880967742 0.0787096784193548 0.0864516139032258 0.0967741945483871
0.0277136268660508 0.0323325645103926 0.0623556591986143 0.0646651280207852 0.069284065665127 0.0715935344872979 0.0739030033094688 0.0715935344872979 0.0739030033094688 0.0715935344872979 0.0739030033094688 0.0739030033094688 0.069284065665127 0.0623556591986143 0.0623556591986143 0.0392609709769053
0.000000001 0.000000001 0.000000001 0.000000001 0.000000001 0.0320781042078103 0.0502092060209205 0.0753138085313808 0.0892608099260809 0.0934449103444909 0.094839610483961 0.108786611878661 0.121338913133891 0.125523013552301 0.118549512854951 0.0906555100655509
0.0231884067971014 0.0772946869903382 0.0753623198405797 0.0743961362657005 0.072463769115942 0.0714975855410628 0.0695652183913043 0.0676328512415459 0.0647343005169082 0.0628019333671498 0.0618357497922705 0.0599033826425121 0.0589371990676329 0.0560386483429952 0.0531400976183575 0.051207730468599
0.00995024975621891 0.123134329358209 0.120646767169154 0.115671642791045 0.106965175129353 0.0932835830895522 0.082089553238806 0.0721393044825871 0.0621890557263682 0.0522388069701493 0.0435323393084577 0.0348258716467662 0.0286069661741294 0.0236318417960199 0.0186567174179104 0.0124378119452736
0.06282722613089 0.0617801057120419 0.0617801057120419 0.0607329852931937 0.0617801057120419 0.06282722613089 0.0638743465497382 0.0691099486439791 0.0691099486439791 0.0670157078062827 0.0670157078062827 0.0607329852931937 0.0554973831989529 0.0554973831989529 0.0586387444554974 0.0617801057120419
0.000000001 0.0190895751556535 0.0234948614992658 0.0323054341864905 0.039647578092511 0.0455212932173275 0.0513950083421439 0.0558002946857562 0.0572687234669604 0.0690161537165932 0.0822320127474303 0.0910425854346549 0.0998531581218796 0.102790015684288 0.101321586903084 0.129221733745962
