0.0298329365608592 0.00596658811217184 0.0548926024319809 0.0787589508806683 0.071599046346062 0.0859188554152745 0.081145585725537 0.0918854425274463 0.0894988076825776 0.0871121728377088 0.0954653947947494 0.0632458243890215 0.0369928410954654 0.045346063052506 0.0429594282076372 0.0393794759403341
0.0106382988723404 0.0288753809392097 0.0440729493282675 0.0577507608784195 0.0577507608784195 0.0623100313951368 0.0638297882340425 0.0623100313951368 0.0683890587507599 0.0759878429452887 0.0775075997841945 0.101823709206687 0.0775075997841945 0.0790273566231003 0.0653495450729483 0.0668693019118541
0.101364523417154 0.103313841155945 0.0994152056783626 0.101364523417154 0.103313841155945 0.0935672524619883 0.087719299245614 0.0857699815068226 0.0799220282904483 0.0721247573352826 0.064327486380117 0.00389863647758285 0.000000001 0.00194931873879142 0.00194931873879142 0.000000001
0.000000001 0.0328638507652582 0.0704225362112676 0.10093896813615 0.13849765358216 0.122065728699531 0.103286385976526 0.0915492967746479 0.0774647897323944 0.0704225362112676 0.0563380291690141 0.0446009399671362 0.0352112686056338 0.0258215972441315 0.0187793437230047 0.0117370902018779
0.000000001 0.0104347836086957 0.0173913053478261 0.0208695662173913 0.031304348826087 0.040000001 0.0556521749130435 0.0643478270869565 0.0782608705652174 0.0973913053478261 0.107826087956522 0.120000001 0.106086957521739 0.0939130444782609 0.0852173923043478 0.071304348826087
0.0827464798732394 0.0809859164929577 0.0792253531126761 0.0757042263521127 0.0704225362112676 0.0686619728309859 0.0669014094507042 0.0616197193098592 0.0598591559295775 0.0598591559295775 0.0545774657887324 0.0545774657887324 0.051056339028169 0.0457746488873239 0.0457746488873239 0.0422535221267606
0.000000001 0.000000001 0.000000001 0.000000001 0.000000001 0.000000001 0.000000001 0.000000001 0.000000001 0.000000001 0.000000001 0.000000001 0.000000001 0.000000001 0.000000001 1.000000001
0.000000001 0.0666666676666667 0.0666666676666667 0.0666666676666667 0.0666666676666667 0.0666666676666667 0.0666666676666667 0.0666666676666667 0.0666666676666667 0.0666666676666667 0.0666666676666667 0.0666666676666667 0.0666666676666667 0.0666666676666667 0.0666666676666667 0.0666666676666667
0.0551500415515004 0.0559610715596107 0.056772101567721 0.0583941615839416 0.0592051915920519 0.0600162216001622 0.0600162216001622 0.0608272516082725 0.0624493116244931 0.0632603416326034 0.0632603416326034 0.0640713716407137 0.0656934316569343 0.0681265216812652 0.0721816717218167 0.0746147617461476
0.000000001 0.000000001 0.00842696729213483 0.0252808998764045 0.0449438212247191 0.0646067425730337 0.0842696639213483 0.115168540325843 0.143258427966292 0.126404495382022 0.106741574033708 0.0926966302134831 0.0730337088651685 0.0533707875168539 0.0393258436966292 0.0224719111123595
0.0204081642653061 0.0272108853537415 0.0312925180068027 0.0312925180068027 0.0312925180068027 0.0326530622244898 0.0340136064421769 0.0380952390952381 0.0476190486190476 0.0571428581428571 0.0707483003197279 0.0884353751496599 0.104761905761905 0.123809524809524 0.131972790115646 0.129251701680272
0.000000001 0.000000001 0.000000001 0.00986842205263158 0.0296052641578947 0.0444078957368421 0.0509868431052632 0.062500001 0.0674342115263158 0.0740131588947368 0.087171053631579 0.0921052641578947 0.103618422052632 0.116776316789474 0.128289474684211 0.133223685210526
0.0448087441693989 0.0480874326939891 0.0480874326939891 0.0513661212185792 0.0513661212185792 0.0546448097431694 0.053551913568306 0.0612021867923497 0.0721311485409836 0.0830601102896175 0.0939890720382514 0.087431694989071 0.0754098370655738 0.0655737714918033 0.059016394442623 0.0502732250437158
0.00834326679261025 0.0131108472455304 0.0178784276984505 0.0262216934910608 0.0417163299630512 0.0476758055292014 0.0595947566615018 0.067938022454112 0.0727056029070322 0.0774731833599523 0.0798569735864124 0.0917759247187128 0.0965435051716329 0.102502980737783 0.110846246530393 0.0858164491525626
0.0260162611626016 0.032520326203252 0.0373983749837398 0.0422764237642276 0.0455284562845528 0.048780488804878 0.0536585375853659 0.056910570105691 0.0601626026260163 0.0666666676666667 0.0715447164471545 0.0796747977479675 0.0845528465284553 0.0894308953089431 0.0991869928699187 0.105691057910569
