0.00813008230081301 0.000000001 0.016260163601626 0.016260163601626 0.016260163601626 0.00813008230081301 0.00813008230081301 0.016260163601626 0.024390244902439 0.024390244902439 0.024390244902439 0.024390244902439 0.00813008230081301 0.00813008230081301 0.00813008230081301 0.788617887178862
0.000000001 0.000000001 0.000000001 0.000000001 0.000000001 0.000000001 0.000000001 0.000000001 0.000000001 0.000000001 0.000000001 0.000000001 0.000000001 0.000000001 0.000000001 1.000000001
0.0229007643587786 0.0229007643587786 0.0152671765725191 0.0152671765725191 0.0152671765725191 0.0152671765725191 0.0305343521450382 0.0152671765725191 0.00763358878625954 0.0229007643587786 0.0305343521450382 0.00763358878625954 0.00763358878625954 0.0152671765725191 0.0305343521450382 0.725190840694656
0.000000001 0.00862069065517241 0.00862069065517241 0.00862069065517241 0.00862069065517241 0.00862069065517241 0.00862069065517241 0.00862069065517241 0.00862069065517241 0.00862069065517241 0.00862069065517241 0.000000001 0.0172413803103448 0.0258620699655172 0.00862069065517241 0.862068966517241
0.000000001 0.0017921156953405 0.003584230390681 0.014336918562724 0.010752689172043 0.0573476712508961 0.0609319006415771 0.0609319006415771 0.0734767035089606 0.0788530475949821 0.0806451622903226 0.0896057357670251 0.0949820798530466 0.0985663092437276 0.10573476802509 0.168458782362007
0.00386100486100386 0.0115830125830116 0.00772200872200772 0.00772200872200772 0.00772200872200772 0.0115830125830116 0.0115830125830116 0.0154440164440154 0.0193050203050193 0.0308880318880309 0.0386100396100386 0.0540540550540541 0.0810810820810811 0.123552124552124 0.196911197911197 0.378378379378378
0.07475317448378 0.07475317448378 0.077574048954866 0.0846262351325811 0.0888575468392102 0.0860366723681241 0.077574048954866 0.076163611719323 0.0662905510705219 0.0578279276572638 0.0521861787150917 0.0507757414795487 0.0451339925373766 0.0394922435952045 0.0282087457108604 0.0197461222976023
0.000000001 0.0666666676666667 0.0666666676666667 0.0666666676666667 0.0666666676666667 0.0666666676666667 0.0666666676666667 0.0666666676666667 0.0666666676666667 0.0666666676666667 0.0666666676666667 0.0666666676666667 0.0666666676666667 0.0666666676666667 0.0666666676666667 0.0666666676666667
0.0451745389876797 0.0451745389876797 0.0451745389876797 0.0513347032587269 0.0451745389876797 0.0472279270780287 0.0472279270780287 0.0513347032587269 0.0574948675297741 0.0657084198911704 0.0718685841622177 0.0759753603429158 0.0780287484332649 0.082135524613963 0.0903490769753593 0.100616017427105
0.0140127398535032 0.0152866252038217 0.0178343959044586 0.0267515933566879 0.0267515933566879 0.0280254787070064 0.0624203831656051 0.0624203831656051 0.0636942685159236 0.064968153866242 0.0993630583248408 0.0980891729745223 0.0980891729745223 0.101910829025478 0.110828026477707 0.109554141127389
0.00143988580921526 0.0698344142469402 0.0691144718423326 0.0691144718423326 0.068394529437725 0.0662347022239021 0.0691144718423326 0.0698344142469402 0.0655147598192945 0.0655147598192945 0.0662347022239021 0.0633549326054716 0.0619150477962563 0.0619150477962563 0.0633549326054716 0.0691144718423326
0.000000001 0.00342465853424658 0.00684931606849315 0.00684931606849315 0.00684931606849315 0.00684931606849315 0.00684931606849315 0.00684931606849315 0.00684931606849315 0.00684931606849315 0.0102739736027397 0.0205479462054795 0.0958904119589041 0.164383562643836 0.325342466753425 0.325342466753425
0.0666666676666667 0.130666667666667 0.129333334333333 0.108000001 0.0986666676666667 0.088000001 0.0813333343333333 0.0746666676666667 0.060000001 0.0493333343333333 0.0386666676666667 0.0293333343333333 0.0213333343333333 0.0146666676666667 0.008000001 0.00133333433333333
0.000000001 0.0091743129266055 0.000000001 0.000000001 0.000000001 0.0091743129266055 0.000000001 0.018348624853211 0.0091743129266055 0.0091743129266055 0.018348624853211 0.018348624853211 0.0091743129266055 0.000000001 0.000000001 0.899082569807339
0.0109204378174727 0.0109204378174727 0.0249609994399376 0.0717628715148206 0.0717628715148206 0.0733229339173167 0.0733229339173167 0.0733229339173167 0.0717628715148206 0.0733229339173167 0.0748829963198128 0.0748829963198128 0.0733229339173167 0.0733229339173167 0.0733229339173167 0.0748829963198128
0.000000001 0.000000001 0.000000001 0.000000001 0.000000001 0.000000001 0.000000001 0.000000001 0.000000001 0.000000001 0.000000001 0.000000001 0.000000001 0.000000001 0.000000001 1.000000001
0.000000001 0.0673400683400673 0.0673400683400673 0.0673400683400673 0.0673400683400673 0.0673400683400673 0.0673400683400673 0.0673400683400673 0.0673400683400673 0.0673400683400673 0.0673400683400673 0.0673400683400673 0.0673400683400673 0.0653198663198653 0.063973064973064 0.0626262636262626
0.0623441406508728 0.0610972578578554 0.0623441406508728 0.0623441406508728 0.0623441406508728 0.0623441406508728 0.0623441406508728 0.0623441406508728 0.0610972578578554 0.0623441406508728 0.0623441406508728 0.0635910234438903 0.0635910234438903 0.0648379062369077 0.0623441406508728 0.0623441406508728
0.00137080291912269 0.067854695996573 0.0671692950370116 0.0685400969561343 0.065798493117889 0.065798493117889 0.0664838940774503 0.0651130921583276 0.065798493117889 0.0664838940774503 0.065798493117889 0.0664838940774503 0.065798493117889 0.067854695996573 0.067854695996573 0.065798493117889
0.0178571438571429 0.000000001 0.00892857242857143 0.000000001 0.0267857152857143 0.000000001 0.00892857242857143 0.0178571438571429 0.0357142867142857 0.00892857242857143 0.000000001 0.0178571438571429 0.00892857242857143 0.0357142867142857 0.0178571438571429 0.794642858142857
0.00385356554720617 0.0173410414624277 0.023121388283237 0.0289017351040462 0.0366088641984586 0.0443159932928709 0.0481695578400771 0.0539499046608863 0.0578034692080925 0.0616570337552986 0.0674373805761079 0.069364162849711 0.0732177273969171 0.0770712919441233 0.161849711982659 0.175337187897881
0.0279329618938547 0.0391061462513966 0.0558659227877095 0.0614525149664804 0.0726256993240224 0.0837988836815642 0.0893854758603352 0.0893854758603352 0.0949720680391062 0.0837988836815642 0.0726256993240224 0.0670391071452514 0.0502793306089385 0.0391061462513966 0.0391061462513966 0.0335195540726257
0.0198675506688742 0.0132450341125828 0.0198675506688742 0.0198675506688742 0.0198675506688742 0.0198675506688742 0.0264900672251656 0.033112583781457 0.033112583781457 0.0264900672251656 0.0264900672251656 0.0264900672251656 0.0264900672251656 0.0264900672251656 0.0264900672251656 0.635761590403974
0.000000001 0.0666666676666667 0.0666666676666667 0.0666666676666667 0.0666666676666667 0.0666666676666667 0.0666666676666667 0.0666666676666667 0.0666666676666667 0.0666666676666667 0.0666666676666667 0.0666666676666667 0.0666666676666667 0.0666666676666667 0.0666666676666667 0.0666666676666667
0.000000001 0.000000001 0.000000001 0.000000001 0.000000001 0.000000001 0.000000001 0.000000001 0.000000001 0.000000001 0.000000001 0.000000001 0.000000001 0.000000001 0.000000001 1.000000001
0.0651277833577906 0.0651277833577906 0.0643033810494641 0.0659521856661171 0.0643033810494641 0.0659521856661171 0.0618301741244847 0.0626545764328112 0.0618301741244847 0.0601813695078318 0.0618301741244847 0.0618301741244847 0.0601813695078318 0.0601813695078318 0.0601813695078318 0.0585325648911789
0.000000001 0.0140845080422535 0.0686619728309859 0.0695422545211268 0.0686619728309859 0.0677816911408451 0.0669014094507042 0.0669014094507042 0.0695422545211268 0.0686619728309859 0.0695422545211268 0.0695422545211268 0.0677816911408451 0.0721830995915493 0.0774647897323944 0.0827464798732394
