0.00284900384900285 0.0170940180940171 0.0313390323390313 0.0427350437350427 0.0541310551310541 0.0712250722250712 0.0854700864700855 0.0968660978660969 0.108262109262108 0.0968660978660969 0.0854700864700855 0.0797720807720798 0.0712250722250712 0.0626780636780627 0.0512820522820513 0.0427350437350427
0.0044296798482835 0.008859358696567 0.0199335558172757 0.0343300120741971 0.044296789482835 0.0542635668914729 0.0586932457397564 0.0686600231483942 0.0753045414208195 0.0786268005570321 0.079734220269103 0.0874861582535991 0.0930232568139535 0.0930232568139535 0.0985603553743079 0.10077519479845
0.0426229518196721 0.0524590173934426 0.059016394442623 0.0622950829672131 0.0688524600163934 0.0754098370655738 0.0786885255901639 0.0819672141147541 0.0852459026393443 0.0786885255901639 0.0721311485409836 0.0655737714918033 0.0557377059180328 0.0491803288688525 0.039344263295082 0.0327868862459016
0.000000001 0.0161290332580645 0.00806451712903226 0.0161290332580645 0.0161290332580645 0.00806451712903226 0.00806451712903226 0.000000001 0.0241935493870968 0.0241935493870968 0.0241935493870968 0.0161290332580645 0.0161290332580645 0.0161290332580645 0.0161290332580645 0.790322581645161
0.0583804153126177 0.0546139369698682 0.0564971761412429 0.0583804153126177 0.0602636544839925 0.0602636544839925 0.0564971761412429 0.0602636544839925 0.064030132826742 0.0602636544839925 0.0621468936553672 0.0602636544839925 0.064030132826742 0.0677966111694915 0.0715630895122411 0.0847457637118644
0.0267857152857143 0.114583334333333 0.107142858142857 0.0967261914761905 0.0818452390952381 0.0729166676666667 0.0699404771904762 0.0654761914761905 0.062500001 0.056547620047619 0.0535714295714286 0.0491071438571429 0.0446428581428571 0.0386904771904762 0.0327380962380952 0.0267857152857143
0.000000001 0.000000001 0.000000001 0.000000001 0.000000001 0.000000001 0.000000001 0.000000001 0.000000001 0.000000001 0.000000001 0.000000001 0.000000001 0.010000001 0.010000001 0.980000001
0.000000001 0.000000001 0.00854700954700855 0.00854700954700855 0.00854700954700855 0.000000001 0.00854700954700855 0.0256410266410256 0.0256410266410256 0.0256410266410256 0.00854700954700855 0.000000001 0.0170940180940171 0.00854700954700855 0.00854700954700855 0.846153847153846
0.0273972612739726 0.0273972612739726 0.0356164393561644 0.0301369873013699 0.0301369873013699 0.0301369873013699 0.0301369873013699 0.0684931516849315 0.073972603739726 0.0876712338767123 0.0931506859315068 0.0931506859315068 0.0931506859315068 0.0931506859315068 0.0931506859315068 0.0931506859315068
0.000000001 0.000000001 0.000000001 0.000000001 0.000000001 0.000000001 0.000000001 0.000000001 0.000000001 0.000000001 0.000000001 0.000000001 0.000000001 0.000000001 0.000000001 1.000000001
0.0503731353283582 0.0559701502537313 0.0587686577164179 0.0597014935373134 0.060634329358209 0.0615671651791045 0.0634328368208955 0.0671641801044776 0.0699626875671642 0.0690298517462686 0.0690298517462686 0.0671641801044776 0.0662313442835821 0.0634328368208955 0.060634329358209 0.0569029860746269
0.00170357851277683 0.00511073353833049 0.010221466076661 0.0170357761277683 0.0238500861788756 0.0323679737427598 0.0425894388194208 0.0528109038960818 0.0630323689727428 0.0766609890749574 0.0800681441005111 0.0936967642027257 0.105621806792164 0.117546849381601 0.131175469483816 0.146507667098807
0.026890757302521 0.0764705892352941 0.0739495808319328 0.0722689085630252 0.0714285724285714 0.0697479001596639 0.0689075640252101 0.0680672278907563 0.0663865556218487 0.0647058833529412 0.0630252110840336 0.061344538815126 0.0579831942773109 0.0554621858739496 0.0521008413361344 0.0512605052016807
0.0506912452396313 0.0414746553778802 0.0368663604470046 0.0460829503087558 0.0460829503087558 0.0276497705852535 0.0368663604470046 0.0368663604470046 0.0276497705852535 0.0368663604470046 0.0368663604470046 0.0368663604470046 0.0414746553778802 0.0368663604470046 0.0414746553778802 0.419354839709677
0.00967118088394584 0.0251450686982592 0.0406189565125725 0.0502901363965184 0.0638297882340426 0.0812379120251451 0.0909090919090909 0.106382979723404 0.112185687653772 0.0967117998394584 0.0889748559323017 0.0754352040947776 0.0657640242108317 0.04642166444294 0.0309477766286267 0.0154738888143133
0.0110864755011086 0.0133037704013304 0.0177383602017738 0.0177383602017738 0.0221729500022173 0.0354767194035477 0.0421286041042129 0.0465631939046563 0.0465631939046563 0.0731707327073171 0.082039912308204 0.0864745021086475 0.0953436817095344 0.11529933581153 0.135254989913525 0.159645233815965
0.000000001 0.0105633812816901 0.0187793437230047 0.028169015084507 0.039906104286385 0.0528169024084507 0.0645539916103286 0.0715962451314554 0.07981220757277 0.0880281700140845 0.0938967146150235 0.102112677056338 0.110328639497653 0.0950704235352113 0.07981220757277 0.0645539916103286
0.0148342069336824 0.0855148352059337 0.0855148352059337 0.0794066327626527 0.0741710306684119 0.0732984303193717 0.0706806292722513 0.0706806292722513 0.0636998264799302 0.06282722613089 0.0602094250837696 0.0602094250837696 0.0532286222914485 0.0506108212443281 0.0479930201972077 0.0471204198481675
