0.000000001 0.000000001 0.000000001 0.000000001 0.0142450152450142 0.0256410266410256 0.0398860408860399 0.0626780636780627 0.0769230779230769 0.102564103564103 0.113960114960114 0.133903134903134 0.145299146299145 0.165242166242165 0.0797720807720798 0.0398860408860399
0.037593985962406 0.0225563919774436 0.037593985962406 0.0075187979924812 0.0075187979924812 0.0300751889699248 0.0150375949849624 0.0225563919774436 0.0150375949849624 0.0300751889699248 0.714285715285714 0.0075187979924812 0.0150375949849624 0.0225563919774436 0.0075187979924812 0.0075187979924812
0.0211180134223602 0.0906832308136646 0.101863355037267 0.106832299136646 0.106832299136646 0.11055900721118 0.0869565227391304 0.0695652183913043 0.0559006221180124 0.0472049699440994 0.0434782618695652 0.0372670817453416 0.0347826096956522 0.031055901621118 0.0298136655962733 0.0260869575217391
0.038038039038038 0.044044045044044 0.05005005105005 0.0550550560550551 0.0560560570560561 0.0610610620610611 0.0620620630620621 0.0670670680670671 0.0690690700690691 0.0700700710700701 0.0700700710700701 0.0690690700690691 0.0700700710700701 0.0700700710700701 0.0710710720710711 0.0770770780770771
0.062500001 0.062500001 0.062500001 0.062500001 0.062500001 0.062500001 0.062500001 0.062500001 0.062500001 0.062500001 0.062500001 0.062500001 0.062500001 0.062500001 0.062500001 0.062500001
0.0536828973795256 0.0524344579288389 0.0549313368302122 0.0561797762808989 0.0549313368302122 0.0636704129850187 0.066167291886392 0.066167291886392 0.0686641707877653 0.0699126102384519 0.0749063680411985 0.0711610496891386 0.0699126102384519 0.0686641707877653 0.0611735340836454 0.0474407001260924
0.0635994597280108 0.0649526397009472 0.0649526397009472 0.0622462797550744 0.0635994597280108 0.0635994597280108 0.0622462797550744 0.0622462797550744 0.0622462797550744 0.0622462797550744 0.0622462797550744 0.060893099782138 0.060893099782138 0.060893099782138 0.0622462797550744 0.060893099782138
0.0228571438571429 0.0217142867142857 0.032000001 0.0388571438571429 0.0537142867142857 0.0708571438571429 0.0822857152857143 0.088000001 0.0891428581428571 0.0857142867142857 0.0834285724285714 0.080000001 0.0754285724285714 0.0708571438571429 0.0582857152857143 0.0468571438571429
0.0593406603406593 0.0600732610732601 0.0593406603406593 0.0600732610732601 0.0600732610732601 0.0608058618058608 0.0615384625384615 0.0600732610732601 0.0608058618058608 0.0659340669340659 0.0659340669340659 0.0652014662014652 0.0652014662014652 0.0652014662014652 0.0652014662014652 0.0652014662014652
0.0614035097719298 0.0614035097719298 0.06265664260401 0.0614035097719298 0.0614035097719298 0.0614035097719298 0.06265664260401 0.06265664260401 0.06265664260401 0.06265664260401 0.06265664260401 0.06265664260401 0.0639097754360902 0.06265664260401 0.0639097754360902 0.0639097754360902
0.00210748255953635 0.0168598534762908 0.0210748165953635 0.0252897797144362 0.0337197059525817 0.0421496321907271 0.0526870399884089 0.0821917818219178 0.083245522601686 0.0853530041612223 0.0864067449409905 0.0874604857207587 0.0927291896195996 0.0937829303993677 0.0948366711791359 0.100105375077977
0.0193798459612403 0.117571060431525 0.109819122447028 0.104651163790698 0.0994832051343669 0.0917312671498708 0.0852713188294574 0.0801033601731266 0.0736434118527132 0.0633074945400517 0.0503875978992248 0.041343670250646 0.0310077529379845 0.0167958666330749 0.0103359183126615 0.00516795965633075
0.0412603160787697 0.040510128531883 0.040510128531883 0.0397599409849963 0.0397599409849963 0.072768193048012 0.0720180055011253 0.0720180055011253 0.0720180055011253 0.072768193048012 0.0742685681417855 0.0720180055011253 0.0720180055011253 0.0720180055011253 0.0735183805948987 0.072768193048012
0.00780234170221066 0.0130039021703511 0.0221066329895969 0.0312093638088427 0.0390117045110533 0.0455136550962289 0.0559167760325098 0.0663198969687906 0.0754226277880364 0.0832249684902471 0.0910273091924577 0.0962288696605982 0.105331600479844 0.100130040011704 0.0897269190754226 0.0780234080221066
0.000000001 0.0105263167894737 0.0140350887192982 0.0245614045087719 0.0315789483684211 0.0491228080175439 0.0666666676666667 0.0842105273157895 0.0982456150350877 0.115789474684211 0.136842106263158 0.115789474684211 0.0982456150350877 0.0842105273157895 0.0491228080175439 0.0210526325789474
0.000000001 0.000000001 0.000000001 0.000000001 0.000000001 0.000000001 0.000000001 0.000000001 0.110759494670886 0.109177216189873 0.109177216189873 0.104430380746835 0.121835444037975 0.15506329213924 0.145569621253165 0.143987342772152
0.0072289166626506 0.0192771094337349 0.0289156636506024 0.0433734949759036 0.0578313263012048 0.0698795190722891 0.0771084347349398 0.103614458831325 0.108433735939759 0.110843374493976 0.0987951817228915 0.0939759046144578 0.0650602419638554 0.0626506034096385 0.036144579313253 0.0168674708795181
0.0633213869020311 0.0645161300322581 0.0657108731624851 0.0657108731624851 0.0681003594229391 0.0681003594229391 0.0681003594229391 0.0669056162927121 0.0669056162927121 0.0645161300322581 0.0633213869020311 0.0621266437718041 0.0597371575113501 0.0597371575113501 0.052568698729988 0.040621267427718
0.0385674941129477 0.0426997255179063 0.0454545464545455 0.046831956922865 0.0550964197327824 0.0606060616060606 0.0633608825426997 0.059228651137741 0.0771349872258953 0.0771349872258953 0.081267218630854 0.0909090919090909 0.0922865023774105 0.0757575767575758 0.059228651137741 0.034435262707989
0.000000001 0.0805152989066023 0.0797101459275362 0.0772946869903382 0.0764895340112721 0.0756843810322061 0.07085346315781 0.0692431571996779 0.0660225452834138 0.0660225452834138 0.0619967803880837 0.0619967803880837 0.0603864744299517 0.0531400976183575 0.0507246386811594 0.0499194857020934
0.00378787978787879 0.0101010111010101 0.0202020212020202 0.0315656575656566 0.0429292939292929 0.0492424252424242 0.0555555565555556 0.0618686878686869 0.0681818191818182 0.0757575767575758 0.0808080818080808 0.0883838393838384 0.0946969706969697 0.0997474757474748 0.10479798079798 0.112373738373737
