0.0136986311369863 0.0332681027612524 0.0391389442485323 0.0450097857358121 0.0450097857358121 0.0430528385733855 0.0450097857358121 0.050880627223092 0.0547945215479452 0.060665363035225 0.0665362045225049 0.0743639931722113 0.0880626233091976 0.0998043062837573 0.11545988358317 0.125244619395303
0.0616966590976864 0.0616966590976864 0.0591259650102828 0.0616966590976864 0.0616966590976864 0.0629820061413882 0.06426735318509 0.0629820061413882 0.06426735318509 0.0616966590976864 0.0629820061413882 0.0629820061413882 0.0629820061413882 0.0629820061413882 0.0629820061413882 0.0629820061413882
0.0556660049761431 0.0576540765467197 0.0556660049761431 0.0576540765467197 0.0536779334055666 0.0576540765467197 0.0576540765467197 0.0536779334055666 0.0576540765467197 0.0576540765467197 0.0636182912584493 0.0695825059701789 0.0715705775407555 0.0715705775407555 0.0755467206819085 0.0834990069642147
0.0161290332580645 0.0232974920394265 0.0304659508207885 0.0376344096021505 0.0448028683835125 0.0519713271648745 0.053763441860215 0.0645161300322581 0.0698924741182796 0.0842293916810036 0.0860215063763441 0.0842293916810036 0.0878136210716846 0.0878136210716846 0.0878136210716846 0.0896057357670251
0.0188205781643664 0.0388958604730238 0.0664993736474278 0.0664993736474278 0.0664993736474278 0.0652446685031368 0.0677540787917189 0.0677540787917189 0.0677540787917189 0.0677540787917189 0.0664993736474278 0.0664993736474278 0.06900878393601 0.06900878393601 0.0677540787917189 0.0677540787917189
0.0379464295714286 0.108258929571429 0.107142858142857 0.108258929571429 0.108258929571429 0.107142858142857 0.107142858142857 0.054687501 0.0502232152857143 0.0457589295714286 0.0424107152857143 0.0368303581428572 0.0267857152857143 0.0245535724285714 0.0223214295714286 0.0122767867142857
0.0415913210723327 0.0488245941283906 0.0587703445804702 0.0623869811084991 0.0678119359005425 0.0732368906925859 0.0777576863526221 0.0849909594086799 0.0777576863526221 0.0723327315605787 0.0669077767685353 0.0614828219764919 0.0569620263164557 0.054249548920434 0.0506329123924051 0.0443037984683544
0.000000001 0.00836120501337793 0.020066890632107 0.0384615394615385 0.0568561882909699 0.0752508371204013 0.0953177267525083 0.108695653173913 0.122073579595318 0.108695653173913 0.088628763541806 0.0785953187257525 0.068561873909699 0.0568561882909699 0.040133780264214 0.0334448170535117
0.0340557285541796 0.0588235304117647 0.065015480876161 0.0619195056439629 0.0619195056439629 0.0619195056439629 0.065015480876161 0.111455109359133 0.0619195056439629 0.0619195056439629 0.0588235304117647 0.0588235304117647 0.0619195056439629 0.0588235304117647 0.0588235304117647 0.0588235304117647
0.0607235152118863 0.0607235152118863 0.062015504875969 0.0633074945400517 0.0607235152118863 0.0607235152118863 0.0594315255478036 0.062015504875969 0.0633074945400517 0.0633074945400517 0.0645994842041344 0.0633074945400517 0.0645994842041344 0.0633074945400517 0.0633074945400517 0.0645994842041344
0.0300429194549356 0.0343347649484979 0.0611587992832618 0.0622317606566524 0.0665236061502146 0.0708154516437768 0.0568669537896996 0.0568669537896996 0.0622317606566524 0.065450644776824 0.065450644776824 0.0665236061502146 0.0718884130171674 0.0740343357639485 0.0772532198841202 0.0783261812575107
0.058593751 0.0598958343333333 0.0559895843333333 0.0598958343333333 0.0611979176666667 0.058593751 0.0638020843333333 0.0611979176666667 0.0611979176666667 0.0611979176666667 0.062500001 0.0638020843333333 0.0651041676666667 0.0677083343333333 0.0690104176666667 0.070312501
0.0683453247410072 0.0839328547170264 0.0671462839736211 0.0323741017194245 0.026378897882494 0.0407673870911271 0.0563549170671463 0.0671462839736211 0.079136691647482 0.0863309362517986 0.0899280585539568 0.0779376508800959 0.0695443655083933 0.0599520393693046 0.052757794764988 0.0419664278585132
0.000000001 0.0186666676666667 0.040000001 0.0817777787777778 0.0817777787777778 0.0808888898888889 0.0844444454444444 0.0782222232222222 0.0702222232222222 0.0711111121111111 0.072000001 0.0542222232222222 0.0586666676666667 0.0631111121111111 0.0684444454444444 0.0764444454444444
