0.0284495031337127 0.0199146524935989 0.0199146524935989 0.0241820778136558 0.027027028027027 0.0298719782403983 0.0369843537738265 0.0440967293072546 0.0568990052674253 0.0711237563342816 0.0796586069743954 0.0910384078278805 0.10099573357468 0.109530584214794 0.12375533528165 0.136557611241821
0.0212765967446809 0.0212765967446809 0.0212765967446809 0.0212765967446809 0.0212765967446809 0.0212765967446809 0.0212765967446809 0.0212765967446809 0.0212765967446809 0.0212765967446809 0.0212765967446809 0.0212765967446809 0.0212765967446809 0.0212765967446809 0.0212765967446809 0.680851064829787
0.00813008230081301 0.024390244902439 0.024390244902439 0.016260163601626 0.00813008230081301 0.024390244902439 0.00813008230081301 0.016260163601626 0.000000001 0.016260163601626 0.00813008230081301 0.016260163601626 0.000000001 0.016260163601626 0.00813008230081301 0.804878049780488
0.0531443765535872 0.0628875120717449 0.0664304704419841 0.0735163871824624 0.0814880435155005 0.0690876892196634 0.0664304704419841 0.0664304704419841 0.0673162100345439 0.0673162100345439 0.0628875120717449 0.0628875120717449 0.0531443765535872 0.0522586369610275 0.0478299389982285 0.0469441994056687
0.0390775154138373 0.0640615000390775 0.0640615000390775 0.0640615000390775 0.0640615000390775 0.0640615000390775 0.0640615000390775 0.0640615000390775 0.0640615000390775 0.0640615000390775 0.0640615000390775 0.0640615000390775 0.0640615000390775 0.0640615000390775 0.0640615000390775 0.0640615000390775
0.00395647973392681 0.0286844718209693 0.0474777458071217 0.0553907032749753 0.0603363016923838 0.0642927804263106 0.0672601394767557 0.066271019793274 0.0692383788437191 0.0712166182106825 0.0741839772611276 0.0741839772611276 0.0751730969446093 0.0771513363115727 0.0791295756785361 0.086053413462908
0.0099009910990099 0.0132013211320132 0.0231023112310231 0.0231023112310231 0.0247524762475247 0.0264026412640264 0.0594059415940594 0.0726072617260726 0.0858085818580858 0.0874587468745875 0.0907590769075908 0.0874587468745875 0.0907590769075908 0.0957095719570957 0.0973597369735973 0.112211222122112
0.0141176480588235 0.0305882362941176 0.0376470598235294 0.0376470598235294 0.0505882362941176 0.0494117657058823 0.0670588245294118 0.0717647068823529 0.0705882362941176 0.0717647068823529 0.0717647068823529 0.0741176480588235 0.0811764715882353 0.0835294127647059 0.0894117657058824 0.0988235304117647
0.0032051292051282 0.0016025651025641 0.0016025651025641 0.000000001 0.0753205138205128 0.0721153856153846 0.0737179497179487 0.0721153856153846 0.0721153856153846 0.0769230779230769 0.0753205138205128 0.0801282061282051 0.0801282061282051 0.0817307702307692 0.110576924076923 0.123397436897436
0.00289435700578871 0.0701881341403763 0.0694645451389291 0.0687409561374819 0.0680173671360347 0.0672937781345876 0.0672937781345876 0.0665701891331404 0.0665701891331404 0.0658466001316932 0.0658466001316932 0.0658466001316932 0.0643994221287988 0.065123011130246 0.0636758331273517 0.0622286551244573
0.0251256291407035 0.0301507547688442 0.033500838520938 0.0368509222730318 0.0418760479011725 0.0469011735293132 0.050251257281407 0.0519262991574539 0.0569514247855946 0.0619765504137353 0.067001676041876 0.0753768854221105 0.085427136678392 0.0938023460586265 0.113902848571189 0.128978225455611
0.0258064526129032 0.0258064526129032 0.0258064526129032 0.0258064526129032 0.0258064526129032 0.0258064526129032 0.0258064526129032 0.0258064526129032 0.0193548397096774 0.0258064526129032 0.0258064526129032 0.0258064526129032 0.0258064526129032 0.032258065516129 0.032258065516129 0.606451613903226
0.000000001 0.0654069777441861 0.0654069777441861 0.0654069777441861 0.0683139544883721 0.0683139544883721 0.0668604661162791 0.0654069777441861 0.0654069777441861 0.0668604661162791 0.0668604661162791 0.0668604661162791 0.0668604661162791 0.0668604661162791 0.0668604661162791 0.0683139544883721
0.0257826897661142 0.0257826897661142 0.0294659310184162 0.0478821372799263 0.0607734816629834 0.0662983435414365 0.0681399641675875 0.0718232054198895 0.0718232054198895 0.0718232054198895 0.0736648260460405 0.0755064466721915 0.0755064466721915 0.0755064466721915 0.0791896879244936 0.0810313085506446
0.000000001 0.000000001 0.000000001 0.000000001 0.000000001 0.000000001 0.000000001 0.000000001 0.000000001 0.000000001 0.00574712743678161 0.000000001 0.000000001 0.000000001 0.419540230885057 0.574712644678161
0.0256991695563114 0.0718065013779289 0.0695389276817838 0.0687830697830688 0.0680272118843537 0.0672713539856387 0.0672713539856387 0.0672713539856387 0.0657596381882086 0.0642479223907785 0.0642479223907785 0.0627362065933484 0.0612244907959184 0.0597127749984883 0.0589569170997732 0.0574452013023432
0.0630407921001236 0.0630407921001236 0.0618046981569839 0.0630407921001236 0.0618046981569839 0.0618046981569839 0.0630407921001236 0.0630407921001236 0.0630407921001236 0.0618046981569839 0.0618046981569839 0.0630407921001236 0.0630407921001236 0.0618046981569839 0.0630407921001236 0.0618046981569839
0.0219298255614035 0.0292397670818713 0.0307017553859649 0.0409356735146199 0.0453216384269006 0.0497076033391813 0.0497076033391813 0.0570175448596491 0.0599415214678363 0.0716374279005848 0.0745614045087719 0.0804093577251462 0.0862573109415205 0.0935672524619883 0.10233918228655 0.10672514719883
