0.00493827260493827 0.123456791123457 0.0246913590246914 0.062962963962963 0.0691358034691358 0.0617283960617284 0.111111112111111 0.0506172849506173 0.0506172849506173 0.0530864207530864 0.0530864207530864 0.0530864207530864 0.0530864207530864 0.054320988654321 0.054320988654321 0.119753087419753
0.0021551734137931 0.0689655182413793 0.069683909045977 0.069683909045977 0.0704022998505747 0.069683909045977 0.0711206906551724 0.0704022998505747 0.069683909045977 0.069683909045977 0.0689655182413793 0.062500001 0.0617816101954023 0.0545977021494253 0.0567528745632184 0.0639367826091954
0.105947956390335 0.100371748211896 0.0947955400334572 0.0910780679144981 0.0836431236765799 0.0780669154981413 0.0687732352007435 0.0631970270223048 0.0557620827843866 0.0520446106654275 0.0464684024869889 0.0408921943085502 0.0353159861301115 0.0315985140111524 0.0278810418921933 0.0241635697732342
0.00203666087780041 0.00203666087780041 0.000000001 0.00203666087780041 0.00203666087780041 0.00203666087780041 0.00203666087780041 0.00203666087780041 0.00203666087780041 0.00203666087780041 0.00203666087780041 0.20162932890224 0.20162932890224 0.19959266902444 0.19959266902444 0.177189410368635
0.000000001 0.000000001 0.000000001 0.000000001 0.000000001 0.000000001 0.000000001 0.000000001 0.000000001 0.000000001 0.000000001 0.00884955852212389 0.0486725673716814 0.146017700115044 0.353982301884956 0.442477877106195
0.0172413803103448 0.00862069065517241 0.00862069065517241 0.000000001 0.0172413803103448 0.0172413803103448 0.00862069065517241 0.000000001 0.00862069065517241 0.0172413803103448 0.000000001 0.0172413803103448 0.00862069065517241 0.00862069065517241 0.000000001 0.862068966517241
0.00335289286923722 0.0838222977309304 0.0804694058616932 0.0804694058616932 0.0796311828943839 0.0796311828943839 0.0779547369597653 0.0746018450905281 0.0720871761886002 0.0678960613520537 0.0628667235481978 0.0569991627770327 0.0519698249731769 0.0477787101366303 0.0419111493654652 0.038558257496228
0.000000001 0.000000001 0.000000001 0.000000001 0.000000001 0.000000001 0.000000001 0.000000001 0.000000001 0.000000001 0.000000001 0.0846394994326019 0.150470220435737 0.203761756485893 0.263322885012539 0.297805643633229
0.0208333343333333 0.0260416676666667 0.031250001 0.0364583343333333 0.046875001 0.062500001 0.0729166676666667 0.078125001 0.0833333343333333 0.0885416676666667 0.0885416676666667 0.0885416676666667 0.0885416676666667 0.078125001 0.062500001 0.046875001
0.000000001 0.000000001 0.00241545993719807 0.0120772956859903 0.0277777787777778 0.0446859913381643 0.0664251217729469 0.0821256048647343 0.0954106290193237 0.101449276362319 0.10024154689372 0.0990338174251208 0.0978260879565218 0.0954106290193237 0.0929951700821256 0.0821256048647343
0.00694444544444444 0.0717592602592593 0.070216050382716 0.070216050382716 0.0686728405061728 0.0686728405061728 0.0671296306296296 0.066358025691358 0.066358025691358 0.0655864207530864 0.0648148158148148 0.0648148158148148 0.0640432108765432 0.0632716059382716 0.0609567911234568 0.0601851861851852
0.000000001 0.00703399865533412 0.0128956633681125 0.0199296610234467 0.0269636586787808 0.0621336469554514 0.0691676446107855 0.0762016422661196 0.082063306978898 0.0855803058065651 0.0867526387491208 0.0890973046342321 0.0902696375767878 0.0926143034618992 0.0961313022895662 0.1031652999449
0.000000001 0.0048661810486618 0.00851581608515815 0.0194647211946472 0.0291970812919708 0.0401459864014599 0.0498783464987834 0.0596107065961071 0.0693430666934306 0.0778588817785888 0.0888077868880778 0.097323601973236 0.105839417058394 0.111922142119221 0.115571777155718 0.121654502216545
