0.00706713880918728 0.00706713880918728 0.00706713880918728 0.00706713880918728 0.00706713880918728 0.0141342766183746 0.0141342766183746 0.0141342766183746 0.0353356900459364 0.049469965664311 0.0636042412826855 0.0848056547102473 0.109540637042403 0.151943463897526 0.204946997466431 0.222614841989399
0.000000001 0.000000001 0.000000001 0.000000001 0.000000001 0.000000001 0.000000001 0.0316027098036117 0.0699774276365688 0.103837472783296 0.142212190616253 0.173814899419865 0.18510158113544 0.148984199645598 0.0970654637539503 0.0474040642054176
0.0286343622334802 0.0117474312496329 0.0616740098105727 0.0646108673729809 0.066079296154185 0.065345081763583 0.0668135105447871 0.066079296154185 0.0690161537165932 0.0697503681071953 0.0726872256696035 0.0719530112790015 0.0704845824977974 0.0704845824977974 0.0719530112790015 0.0726872256696035
0.0165680483372781 0.0224852081005917 0.0284023678639053 0.0343195276272189 0.0378698234852071 0.042603551295858 0.0497041430118343 0.0556213027751479 0.0627218944911243 0.0674556223017752 0.072189350112426 0.0828402376863905 0.093491125260355 0.10414201283432 0.111242604550296 0.118343196266272
0.0240137231269297 0.0222984572607204 0.0291595207255575 0.0360205841903945 0.0411663817890223 0.0480274452538594 0.0497427111200686 0.0548885087186964 0.0617495721835334 0.0668953697821612 0.0703259015145798 0.0754716991132075 0.0840480284442539 0.097770155373928 0.111492282303602 0.126929675099485
0.0282352951176471 0.0529411774705882 0.117647059823529 0.105882353941176 0.101176471588235 0.0858823539411765 0.0847058833529412 0.0823529421764706 0.0647058833529412 0.0552941186470588 0.0529411774705882 0.0494117657058823 0.0423529421764706 0.0364705892352941 0.0235294127647059 0.0164705892352941
0.062500001 0.062500001 0.062500001 0.062500001 0.062500001 0.062500001 0.062500001 0.062500001 0.062500001 0.062500001 0.062500001 0.062500001 0.062500001 0.062500001 0.062500001 0.062500001
0.0134146351463415 0.024390244902439 0.0353658546585366 0.0402439034390244 0.0439024400243902 0.050000001 0.0560975619756098 0.0585365863658537 0.0682926839268293 0.0731707327073171 0.0719512205121951 0.0829268302682927 0.0829268302682927 0.0890243912439024 0.100000001 0.109756098560976
0.0148601408601399 0.055944056944056 0.0673076933076923 0.0769230779230769 0.0708041968041958 0.0620629380629371 0.0716783226783217 0.0769230779230769 0.0777972037972028 0.0795454555454546 0.0699300709300699 0.0620629380629371 0.0576923086923077 0.0541958051958042 0.0524475534475524 0.0498251758251748
0.000000001 0.00596421571172962 0.0139165019940358 0.0238568598469185 0.0298210745586481 0.0357852892703777 0.0437375755526839 0.047713718693837 0.0596421481172962 0.0775347922524851 0.0914512932465209 0.101391651099404 0.117296223664016 0.131212724658052 0.117296223664016 0.10337972266998
0.0467091305116773 0.0870488332717622 0.0828025487707006 0.0785562642696391 0.0753715508938429 0.0700636952675159 0.0679405530169851 0.0658174107664544 0.0636942685159236 0.0615711262653928 0.0583864128895966 0.054140128388535 0.0509554150127388 0.0477707016369427 0.0456475593864119 0.0435244171358811
0.049469965664311 0.049469965664311 0.049469965664311 0.0530035345689046 0.0512367501166078 0.0530035345689046 0.0547703190212014 0.0547703190212014 0.0583038879257951 0.0618374568303887 0.0636042412826855 0.0653710257349823 0.0759717324487632 0.0777385169010601 0.0848056547102473 0.0971731458763251
0.000000001 0.000000001 0.000000001 0.000000001 0.000000001 0.000000001 0.000000001 0.000000001 0.000000001 0.000000001 0.000000001 0.000000001 0.000000001 0.000000001 0.000000001 1.000000001
0.00662983525414365 0.0375690617734807 0.0430939236519337 0.0475138131546961 0.0530386750331492 0.0552486197845304 0.0596685092872928 0.0640883987900552 0.0662983435414365 0.0685082882928177 0.0729281777955801 0.0773480672983425 0.081767956801105 0.0839779015524862 0.0883977910552486 0.0939226529337017
0.00323624695469256 0.00485436993203884 0.00323624695469256 0.0129449848187702 0.0210355997055016 0.0242718456601942 0.0339805835242718 0.040453075433657 0.0760517809352751 0.0906148877313916 0.0970873796407767 0.103559871550162 0.111650486436893 0.119741101323625 0.127831716210356 0.129449839187702
0.0160583951605839 0.0204379572043796 0.0248175192481752 0.0277372272773723 0.0321167893211679 0.037956205379562 0.0437956214379562 0.0496350374963504 0.0569343075693431 0.0671532856715329 0.0744525557445255 0.0846715338467153 0.0948905119489051 0.109489052094891 0.125547446255474 0.134306570343066
0.0492721174613662 0.0559910424333707 0.0559910424333707 0.0571108632620381 0.0571108632620381 0.0571108632620381 0.0559910424333707 0.0571108632620381 0.0593505049193729 0.0604703257480403 0.0638297882340425 0.06494960906271 0.0683090715487122 0.0750279965207167 0.0783874590067189 0.083986563150056
0.0151285940408472 0.0408472022102874 0.0468986394266263 0.0529500766429652 0.0665658103797277 0.0726172475960666 0.0816944034205749 0.065052951075643 0.075642966204236 0.0680786696838124 0.0620272324674735 0.0574886545552194 0.0605143731633888 0.0665658103797277 0.0786686848124055 0.0892586999409985
0.0479846459136276 0.0575815748963532 0.0633397322859885 0.0671785038790787 0.072936661268714 0.0806142044548944 0.0863723618445297 0.0767754328618042 0.0710172754721689 0.0652591180825336 0.0614203464894434 0.0575815748963532 0.0556621890998081 0.0499040317101727 0.0460652601170825 0.0403071027274472
0.0670498094291188 0.0651341006168582 0.0593869741800766 0.0555555565555556 0.0842911887394636 0.0823754799272031 0.0842911887394636 0.078544062302682 0.0766283534904215 0.0689655182413793 0.0632183918045977 0.053639847743295 0.0478927213065134 0.0459770124942529 0.0363984684329502 0.0306513419961686
0.0481099666357388 0.0481099666357388 0.0489690731649484 0.0498281796941581 0.0532646058109966 0.0532646058109966 0.0567010319278351 0.0567010319278351 0.0601374580446735 0.0652920972199313 0.0687285233367698 0.0687285233367698 0.0738831625120275 0.077319588628866 0.0850515473917526 0.0859106539209622
0.000000001 0.000000001 0.000000001 0.000000001 0.000000001 0.000000001 0.000000001 0.000000001 0.000000001 0.000000001 0.000000001 0.000000001 0.000000001 0.000000001 0.000000001 1.000000001
