0.000000001 0.000000001 0.000000001 0.000000001 0.000000001 0.000000001 0.000000001 0.000000001 0.000000001 0.000000001 0.000000001 0.000000001 0.000000001 0.000000001 0.000000001 1.000000001
0.0207570217570208 0.0207570217570208 0.0268620278620269 0.032967033967033 0.0402930412930403 0.0451770461770452 0.0573870583870574 0.0598290608290598 0.0732600742600733 0.0781440791440781 0.0879120889120879 0.0891330901330891 0.0891330901330891 0.0915750925750916 0.0952380962380952 0.0915750925750916
0.00292397760818713 0.00584795421637427 0.00584795421637427 0.00584795421637427 0.00584795421637427 0.0116959074327485 0.0175438606491228 0.0263157904736842 0.0380116969064328 0.0526315799473684 0.0672514629883041 0.087719299245614 0.111111112111111 0.146198831409357 0.187134503923977 0.228070176438597
0.00166251139068994 0.0415627607672485 0.0432252711579385 0.0498753127206983 0.0523690783067332 0.0590191198694929 0.0615128854555278 0.0698254374089776 0.0731504581903574 0.0739817133857024 0.0764754789717373 0.0739817133857024 0.0756442237763924 0.0831255205344971 0.0814630101438071 0.0831255205344971
0.0383747188329571 0.0395033870045147 0.0440180596907449 0.0474040642054176 0.0507900687200903 0.0553047414063205 0.0609480822641084 0.064334086778781 0.0711060958081264 0.0744921003227991 0.0756207684943567 0.0778781048374718 0.0767494366659142 0.0756207684943567 0.0744921003227991 0.0733634321512415
0.087667162961367 0.0817236265572065 0.0757800901530461 0.0742942060520059 0.0742942060520059 0.0728083219509658 0.0698365537488856 0.0683506696478455 0.0668647855468053 0.062407133243685 0.0564635968395245 0.0549777127384844 0.0520059445364042 0.0445765240312036 0.0341753353239227 0.0237741466166419
0.00412201254163232 0.0799670249076669 0.0799670249076669 0.0758450133660346 0.0750206110577082 0.0758450133660346 0.0708985995160758 0.0717230018244023 0.0659521856661171 0.0544105533495466 0.0585325648911789 0.0593569671995054 0.0502885418079143 0.0535861510412201 0.056883760274526 0.06760099028277
0.000000001 0.000000001 0.000000001 0.000000001 0.000000001 0.000000001 0.000000001 0.000000001 0.000000001 0.000000001 0.000000001 0.000000001 0.000000001 0.000000001 0.000000001 1.000000001
0.227848102265823 0.0253164566962025 0.029535865978903 0.029535865978903 0.029535865978903 0.029535865978903 0.029535865978903 0.0210970474135021 0.029535865978903 0.0253164566962025 0.0253164566962025 0.0253164566962025 0.0253164566962025 0.0253164566962025 0.0253164566962025 0.39662447357384
0.000000001 0.0633116893116883 0.0616883126883117 0.0665584425584416 0.0633116893116883 0.0616883126883117 0.0633116893116883 0.0633116893116883 0.0633116893116883 0.0633116893116883 0.0616883126883117 0.0633116893116883 0.0600649360649351 0.0633116893116883 0.0649350659350649 0.116883117883117
0.0259515580934256 0.027681661899654 0.0328719733183391 0.0363321809307958 0.0484429075743945 0.0570934266055363 0.055363322799308 0.0674740494429066 0.0743944646678201 0.0761245684740484 0.0795847760865052 0.0813148798927336 0.0813148798927336 0.0830449836989619 0.0865051913114187 0.0865051913114187
0.061314792403287 0.0619469036548673 0.0619469036548673 0.0625790149064475 0.0625790149064475 0.0625790149064475 0.0619469036548673 0.0619469036548673 0.0625790149064475 0.0625790149064475 0.0625790149064475 0.0625790149064475 0.0632111261580278 0.0632111261580278 0.0632111261580278 0.0632111261580278
0.0680628282251309 0.0667539277015707 0.0667539277015707 0.0667539277015707 0.0693717287486911 0.0680628282251309 0.06282722613089 0.0602094250837696 0.0602094250837696 0.0575916240366492 0.0575916240366492 0.056282723513089 0.0575916240366492 0.0602094250837696 0.056282723513089 0.0654450271780105
0.000000001 0.00833333433333333 0.000000001 0.00833333433333333 0.00833333433333333 0.0166666676666667 0.0166666676666667 0.0166666676666667 0.0166666676666667 0.0166666676666667 0.000000001 0.00833333433333333 0.0166666676666667 0.0166666676666667 0.0166666676666667 0.833333334333333
0.0495049514950495 0.0643564366435644 0.0445544564455446 0.0594059415940594 0.0643564366435644 0.0445544564455446 0.0297029712970297 0.0247524762475248 0.0198019811980198 0.0198019811980198 0.0198019811980198 0.0297029712970297 0.0247524762475248 0.0247524762475248 0.0198019811980198 0.46039604060396
0.00961538561538462 0.00961538561538462 0.000000001 0.00961538561538462 0.000000001 0.000000001 0.00961538561538462 0.000000001 0.000000001 0.000000001 0.000000001 0.000000001 0.000000001 0.000000001 0.000000001 0.961538462538461
0.000000001 0.000000001 0.000000001 0.000000001 0.000000001 0.000000001 0.000000001 0.000000001 0.000000001 0.000000001 0.000000001 0.000000001 0.000000001 0.000000001 0.000000001 1.000000001
0.0292598977297762 0.0791738392099828 0.0748709132203098 0.0748709132203098 0.0731497428244406 0.0714285724285714 0.0688468168347676 0.0671256464388985 0.0645438908450947 0.0619621352512909 0.0602409648554217 0.0585197944595525 0.0567986240636833 0.0550774536678141 0.0533562832719449 0.0507745276781411
0.00884955852212389 0.00884955852212389 0.0176991160442478 0.0176991160442478 0.00884955852212389 0.000000001 0.000000001 0.000000001 0.00884955852212389 0.000000001 0.0176991160442478 0.000000001 0.00884955852212389 0.0176991160442478 0.00884955852212389 0.876106195690265
0.00892857242857143 0.00892857242857143 0.00892857242857143 0.0178571438571429 0.0178571438571429 0.000000001 0.00892857242857143 0.000000001 0.0178571438571429 0.00892857242857143 0.00892857242857143 0.00892857242857143 0.000000001 0.00892857242857143 0.000000001 0.875000001
0.000000001 0.000000001 0.000000001 0.000000001 0.000000001 0.000000001 0.000000001 0.000000001 0.000000001 0.000000001 0.000000001 0.000000001 0.000000001 0.000000001 0.000000001 1.000000001
0.0141509443962264 0.0235849066603774 0.0283018877924528 0.0283018877924528 0.0283018877924528 0.0330188689245283 0.0330188689245283 0.0377358500566038 0.0330188689245283 0.0377358500566038 0.0424528311886792 0.0424528311886792 0.0471698123207547 0.0518867934528302 0.0660377368490566 0.452830189679245
