0.0165289266198347 0.0165289266198347 0.0165289266198347 0.0165289266198347 0.00826446380991736 0.000000001 0.000000001 0.00826446380991736 0.0165289266198347 0.0247933894297521 0.0247933894297521 0.00826446380991736 0.000000001 0.0247933894297521 0.000000001 0.818181819181818
0.000000001 0.000000001 0.000000001 0.000000001 0.000000001 0.000000001 0.000000001 0.000000001 0.000000001 0.000000001 0.000000001 0.000000001 0.000000001 0.000000001 0.000000001 1.000000001
0.000000001 0.000000001 0.000000001 0.000000001 0.000000001 0.000000001 0.000000001 0.000000001 0.000000001 0.000000001 0.000000001 0.000000001 0.000000001 0.000000001 0.000000001 1.000000001
0.0202702712702703 0.0135135145135135 0.0202702712702703 0.0405405415405405 0.0202702712702703 0.0135135145135135 0.027027028027027 0.0202702712702703 0.0405405415405405 0.0337837847837838 0.0202702712702703 0.0135135145135135 0.0202702712702703 0.0202702712702703 0.0135135145135135 0.662162163162162
0.000000001 0.0666666676666667 0.0666666676666667 0.0666666676666667 0.0666666676666667 0.0666666676666667 0.0666666676666667 0.0666666676666667 0.0666666676666667 0.0666666676666667 0.0666666676666667 0.0666666676666667 0.0666666676666667 0.0666666676666667 0.0666666676666667 0.0666666676666667
0.000000001 0.000000001 0.000000001 0.000000001 0.000000001 0.000000001 0.000000001 0.000000001 0.000000001 0.000000001 0.000000001 0.000000001 0.000000001 0.000000001 0.000000001 1.000000001
0.000000001 0.000000001 0.000000001 0.000000001 0.000000001 0.000000001 0.000000001 0.000000001 0.000000001 0.000000001 0.000000001 0.000000001 0.000000001 0.000000001 0.000000001 1.000000001
0.00840336234453782 0.0168067236890756 0.00840336234453782 0.00840336234453782 0.00840336234453782 0.00840336234453782 0.0168067236890756 0.0168067236890756 0.0168067236890756 0.0168067236890756 0.00840336234453782 0.00840336234453782 0.00840336234453782 0.00840336234453782 0.0168067236890756 0.823529412764706
0.000000001 0.00833333433333333 0.0111111121111111 0.0166666676666667 0.0194444454444444 0.0305555565555556 0.0361111121111111 0.0444444454444444 0.0555555565555556 0.0583333343333333 0.0666666676666667 0.0777777787777778 0.0888888898888889 0.116666667666667 0.150000001 0.219444445444444
0.00221565831166913 0.0731166922850812 0.0716395874106352 0.0701624825361891 0.069423930098966 0.068685377661743 0.0679468252245199 0.0657311679128508 0.0657311679128508 0.0649926154756278 0.0649926154756278 0.0642540630384047 0.0635155106011817 0.0627769581639586 0.0627769581639586 0.0620384057267356
0.00245700345700246 0.00245700345700246 0.00245700345700246 0.00491400591400491 0.00245700345700246 0.00245700345700246 0.00245700345700246 0.00245700345700246 0.00245700345700246 0.00245700345700246 0.000000001 0.000000001 0.243243244243243 0.243243244243243 0.243243244243243 0.243243244243243
0.00840336234453782 0.00840336234453782 0.00840336234453782 0.00840336234453782 0.0168067236890756 0.0168067236890756 0.0168067236890756 0.000000001 0.00840336234453782 0.00840336234453782 0.00840336234453782 0.0168067236890756 0.0168067236890756 0.00840336234453782 0.0168067236890756 0.831932774109244
0.0646992064483541 0.0646992064483541 0.0646992064483541 0.0635641326685585 0.0635641326685585 0.0635641326685585 0.0601589113291714 0.0624290588887628 0.0624290588887628 0.0612939851089671 0.0612939851089671 0.0612939851089671 0.0601589113291714 0.0612939851089671 0.0624290588887628 0.0624290588887628
0.000000001 0.000000001 0.000000001 0.000000001 0.000000001 0.000000001 0.000000001 0.000000001 0.000000001 0.000000001 0.000000001 0.000000001 0.000000001 0.000000001 0.000000001 1.000000001
0.0153846163846154 0.0153846163846154 0.0153846163846154 0.0230769240769231 0.0153846163846154 0.0230769240769231 0.0153846163846154 0.0153846163846154 0.0153846163846154 0.0153846163846154 0.00769230869230769 0.0307692317692308 0.00769230869230769 0.0153846163846154 0.000000001 0.769230770230769
0.000000001 0.000000001 0.000000001 0.000000001 0.000000001 0.000000001 0.000000001 0.000000001 0.000000001 0.000000001 0.000000001 0.000000001 0.000000001 0.000000001 0.000000001 1.000000001
0.000000001 0.000000001 0.000000001 0.000000001 0.000000001 0.000000001 0.000000001 0.000000001 0.000000001 0.000000001 0.000000001 0.000000001 0.000000001 0.000000001 0.000000001 1.000000001
0.0119760489041916 0.0119760489041916 0.0139720568882236 0.0139720568882236 0.0139720568882236 0.0159680648722555 0.0179640728562874 0.0239520968083832 0.0339321367285429 0.0459081846327345 0.063872256489022 0.0858283443133733 0.12375249600998 0.151696607786427 0.177644711578842 0.193612775451098
0.000000001 0.000000001 0.000000001 0.000000001 0.00943396326415094 0.000000001 0.000000001 0.00943396326415094 0.000000001 0.00943396326415094 0.00943396326415094 0.00943396326415094 0.00943396326415094 0.00943396326415094 0.00943396326415094 0.924528302886792
0.072000001 0.008000001 0.000000001 0.000000001 0.000000001 0.008000001 0.008000001 0.008000001 0.000000001 0.000000001 0.000000001 0.024000001 0.032000001 0.032000001 0.032000001 0.776000001
0.00127551120408163 0.0701530622244898 0.0676020418163265 0.0676020418163265 0.0637755112040816 0.0650510214081633 0.0650510214081633 0.062500001 0.0612244907959184 0.0599489805918367 0.0612244907959184 0.062500001 0.0650510214081633 0.0637755112040816 0.0676020418163265 0.0956632663061224
0.00591716076331361 0.00788954735108481 0.00788954735108481 0.00788954735108481 0.00986193393885602 0.00788954735108481 0.00788954735108481 0.0118343205266272 0.00788954735108481 0.00986193393885602 0.0138067071143984 0.169625247548323 0.177514793899408 0.181459567074951 0.185404340250493 0.187376726838264
0.000000001 0.0666666676666667 0.0666666676666667 0.0666666676666667 0.0666666676666667 0.0666666676666667 0.0666666676666667 0.0666666676666667 0.0666666676666667 0.0666666676666667 0.0666666676666667 0.0666666676666667 0.0666666676666667 0.0666666676666667 0.0666666676666667 0.0666666676666667
