0.0613577033498694 0.0613577033498694 0.0613577033498694 0.0613577033498694 0.0613577033498694 0.0639686694073107 0.0626631863785901 0.0613577033498694 0.0639686694073107 0.0639686694073107 0.0613577033498694 0.0639686694073107 0.0626631863785901 0.0639686694073107 0.0626631863785901 0.0626631863785901
0.000799361511590727 0.061550760392486 0.0639488419272582 0.0687450049968026 0.0655475629504396 0.0647482024388489 0.0647482024388489 0.0687450049968026 0.0671462839736211 0.0631494814156675 0.0559552368113509 0.070343726019984 0.0679456444852118 0.0711430865315747 0.0719424470431655 0.0735411680663469
0.0522088363413655 0.0634538162610442 0.0650602419638554 0.0650602419638554 0.0626506034096385 0.0634538162610442 0.0650602419638554 0.0650602419638554 0.0634538162610442 0.0650602419638554 0.0618473905582329 0.0602409648554217 0.0578313263012048 0.0594377520040161 0.0618473905582329 0.0682730933694779
0.0202702712702703 0.00337837937837838 0.0135135145135135 0.0236486496486486 0.0101351361351351 0.0135135145135135 0.0202702712702703 0.0135135145135135 0.0304054064054054 0.0472972982972973 0.0101351361351351 0.0168918928918919 0.0405405415405405 0.189189190189189 0.226351352351351 0.320945946945946
0.000000001 0.00737463226843658 0.0162241897905605 0.0265486735663717 0.0339233048348083 0.0427728623569321 0.051622419879056 0.0545722723864307 0.0589970511474926 0.0648967561622419 0.0781710924454277 0.0929203549823009 0.103244838758112 0.104719765011799 0.116519175041298 0.147492626368732
0.0266789338426863 0.0864765419383625 0.0818767259310028 0.0809567627295308 0.0791168363265869 0.0772769099236431 0.0735970571177553 0.0717571307148114 0.0689972411103956 0.0689972411103956 0.0616375354986201 0.0551977930883165 0.0478380874765409 0.0423183082677093 0.0395584186632935 0.0377184922603496
0.0435555565555556 0.0888888898888889 0.0888888898888889 0.0888888898888889 0.0888888898888889 0.0808888898888889 0.0755555565555556 0.0693333343333333 0.064000001 0.0577777787777778 0.0524444454444444 0.048000001 0.0435555565555556 0.040000001 0.0364444454444444 0.0328888898888889
0.00284091009090909 0.0710227282727273 0.0710227282727273 0.0696022737272727 0.0681818191818182 0.0674715919090909 0.0667613646363636 0.0667613646363636 0.0667613646363636 0.0667613646363636 0.0660511373636364 0.0646306828181818 0.0639204555454545 0.0632102282727273 0.0632102282727273 0.0617897737272727
0.0256637178141593 0.0415929213539823 0.0495575231238938 0.0584070806460177 0.0654867266637168 0.0752212399380531 0.0867256647168142 0.0876106204690265 0.0876106204690265 0.0814159302035398 0.0734513284336283 0.063716815159292 0.0566371691415929 0.052212390380531 0.0495575231238938 0.0451327443628319
0.0047244104488189 0.0125984261968504 0.0188976387952756 0.031496063992126 0.0377952765905512 0.0377952765905512 0.0456692923385827 0.0535433080866142 0.062992126984252 0.0692913395826772 0.0866141742283465 0.0913385836771653 0.100787402574803 0.107086615173228 0.113385827771654 0.125984252968504
0.061898212829436 0.061898212829436 0.063273728647868 0.061898212829436 0.061898212829436 0.061898212829436 0.061898212829436 0.061898212829436 0.063273728647868 0.063273728647868 0.063273728647868 0.061898212829436 0.063273728647868 0.063273728647868 0.063273728647868 0.061898212829436
0.000000001 0.0116649002576882 0.0190880179671262 0.0254506902895016 0.0371155895471898 0.0477200434178155 0.0583244972884411 0.0668080603849417 0.0742311780943796 0.0795334050296925 0.0848356319650053 0.0911983042873807 0.095440085835631 0.100742312770944 0.101802758158006 0.106044539706257
0.0611854694512428 0.0618228180809433 0.0618228180809433 0.0624601667106437 0.0624601667106437 0.0618228180809433 0.0618228180809433 0.0624601667106437 0.0624601667106437 0.0624601667106437 0.0630975153403442 0.0637348639700446 0.0630975153403442 0.0630975153403442 0.0630975153403442 0.0630975153403442
0.0485074636865672 0.0494402995074627 0.0513059711492537 0.0522388069701493 0.0531716427910448 0.0550373144328358 0.0569029860746269 0.0587686577164179 0.0597014935373134 0.0615671651791045 0.064365672641791 0.0680970159253731 0.0718283592089552 0.0774253741343283 0.0830223890597015 0.0886194039850746
0.0419161686646707 0.0470487606236099 0.0504704885962361 0.0547476485620188 0.0590248085278015 0.0633019684935843 0.0667236964662104 0.0692899924456801 0.0727117204183062 0.0761334483909324 0.0744225844046193 0.0710008564319932 0.067579128459367 0.0650128324798974 0.0624465365004277 0.058169376534645
0.0216154731274175 0.0216154731274175 0.0273037552662116 0.0318543809772469 0.0420932888270762 0.0500568838213879 0.0580204788156997 0.0659840738100114 0.0693970430932878 0.0750853252320819 0.080773607370876 0.0841865766541524 0.0875995459374289 0.0887372023651877 0.0921501716484642 0.103526735926052
0.0134048267372654 0.0187667570321716 0.0241286873270777 0.032171582769437 0.0402144782117962 0.0509383388016086 0.0589812342439678 0.0670241296863271 0.0804289554235925 0.0857908857184987 0.0938337811608579 0.096514746308311 0.0938337811608579 0.0884718508659517 0.0831099205710456 0.0723860599812333
0.0752508371204013 0.0936454859498328 0.0618729106989966 0.0434782618695652 0.0284280946454849 0.0234113722374582 0.020066890632107 0.020066890632107 0.0183946498294314 0.0267558538428094 0.0451505026722408 0.0702341147123746 0.0852842819364548 0.108695653173913 0.132107024411371 0.147157191635451
0.000000001 0.00532623269107856 0.0279627173781625 0.0412782966058589 0.051930759988016 0.066577897138482 0.0798934763661784 0.085219708057257 0.0812250342889481 0.0745672446750999 0.0705725709067909 0.0719041288295606 0.0772303605206391 0.0838881501344873 0.0878828239027963 0.0945406135166445
0.112449800196787 0.107095047854083 0.101740295511379 0.0950468550829987 0.0896921027402945 0.0816599742262383 0.0749665337978581 0.0682730933694779 0.0615796529410977 0.0562249005983936 0.0481927720843374 0.0388219554846051 0.0307898269705489 0.0214190103708166 0.00937081759973226 0.00267737717135208
0.0386473439951691 0.0792270541400966 0.0772946869903382 0.0753623198405797 0.0743961362657005 0.0734299526908213 0.0705314019661836 0.0666666676666667 0.063768116942029 0.0608695662173913 0.0589371990676329 0.0560386483429952 0.0541062811932367 0.0521739140434783 0.0502415468937198 0.0483091797439614
0.016057092882248 0.0267618208037467 0.032114184764496 0.04014273070562 0.0517395192872435 0.0553077619277431 0.0615521865486173 0.0669045505093666 0.0713648538099911 0.0776092784308653 0.08028546041124 0.0829616423916146 0.0820695817314897 0.0847457637118644 0.0847457637118644 0.0856378243719893
0.0056369795794814 0.00789177101127396 0.0112739581589628 0.0135287495907554 0.0180383324543405 0.0236753110338219 0.0800450968286359 0.0822998882604284 0.0868094711240135 0.0890642625558061 0.0901916582717024 0.0924464497034949 0.0935738454193912 0.0980834282829763 0.101465615430665 0.10597519829425
0.000000001 0.0561471452400774 0.0648596331393998 0.0677637957725073 0.0658276873504356 0.0764762836718296 0.0764762836718296 0.0774443378828654 0.074540175249758 0.074540175249758 0.0726040668276863 0.0735721210387222 0.0667957415614714 0.0658276873504356 0.0522749283959342 0.0348499525972894
0.000000001 0.0826446290991736 0.0826446290991736 0.0785123976942149 0.0760330588512397 0.0743801662892562 0.0727272737272727 0.068595042322314 0.0661157034793388 0.0652892571983471 0.0619834720743802 0.059504133231405 0.0545454555454545 0.0545454555454545 0.0537190092644628 0.0487603315785124
