0.0649006632516556 0.0622516566291391 0.0635761599403974 0.0635761599403974 0.0609271533178808 0.0609271533178808 0.0609271533178808 0.0635761599403974 0.0622516566291391 0.0622516566291391 0.0622516566291391 0.0609271533178808 0.0622516566291391 0.0635761599403974 0.0622516566291391 0.0635761599403974
0.0545977021494253 0.0574712653678161 0.0517241389310345 0.0531609205402299 0.0574712653678161 0.0545977021494253 0.0545977021494253 0.0574712653678161 0.0574712653678161 0.0632183918045977 0.0675287366321839 0.0675287366321839 0.0689655182413793 0.0732758630689655 0.0790229895057471 0.0818965527241379
0.0534591204968553 0.0550314475408805 0.0581761016289308 0.0628930827610063 0.0676100638930818 0.0738993720691824 0.080188680245283 0.080188680245283 0.080188680245283 0.0786163532012579 0.0691823909371069 0.0581761016289308 0.0534591204968553 0.0471698123207547 0.0440251582327044 0.0377358500566038
0.0576407516702413 0.0616621993914209 0.0616621993914209 0.0723860599812333 0.0764075077024129 0.0777479902761394 0.0777479902761394 0.0790884728498659 0.0777479902761394 0.0697050948337802 0.0683646122600536 0.064343164538874 0.0563002690965147 0.046916891080429 0.032171582769437 0.0201072396058981
0.0914127433822715 0.0831024940747922 0.0775623278698061 0.0729455226989843 0.0692520785623269 0.0664819954598338 0.0637119123573407 0.0609418292548476 0.0572483851181902 0.0554016630498615 0.0535549409815328 0.0526315799473684 0.0498614968448753 0.0507848578790397 0.0480147747765466 0.0470914137423823
0.0611702137659575 0.0611702137659575 0.0611702137659575 0.0611702137659575 0.062500001 0.062500001 0.0638297882340425 0.0598404265319149 0.062500001 0.062500001 0.0638297882340425 0.062500001 0.0651595754680851 0.062500001 0.0638297882340425 0.0638297882340425
0.0616966590976864 0.0616966590976864 0.0629820061413882 0.0616966590976864 0.0616966590976864 0.0629820061413882 0.0629820061413882 0.0629820061413882 0.0629820061413882 0.0629820061413882 0.0629820061413882 0.0629820061413882 0.0629820061413882 0.0616966590976864 0.0616966590976864 0.0629820061413882
0.022964510394572 0.022964510394572 0.0250521930668058 0.0250521930668058 0.0250521930668058 0.022964510394572 0.0375782891002088 0.0459290197891441 0.058455115822547 0.0709812118559499 0.081419625217119 0.0876826732338205 0.0981210865949896 0.11482254797286 0.123173278661795 0.137787057367432
0.0620782736045884 0.0634278012699055 0.0620782736045884 0.0607287459392713 0.0607287459392713 0.0634278012699055 0.0634278012699055 0.0620782736045884 0.0634278012699055 0.0634278012699055 0.0607287459392713 0.0634278012699055 0.0620782736045884 0.0620782736045884 0.0634278012699055 0.0634278012699055
0.272727273727273 0.0909090919090909 0.000000001 0.0909090919090909 0.0909090919090909 0.000000001 0.000000001 0.000000001 0.181818182818182 0.000000001 0.0909090919090909 0.0909090919090909 0.0909090919090909 0.000000001 0.000000001 0.000000001
0.0355932213389831 0.0525423738813559 0.0508474586271186 0.0491525433728814 0.0491525433728814 0.0542372891355932 0.0559322043898305 0.0542372891355932 0.0525423738813559 0.0491525433728814 0.0525423738813559 0.0610169501525424 0.0745762721864407 0.0796610179491525 0.105084746762712 0.123728814559322
0.037328095302554 0.00785854716895874 0.012770138524558 0.0275049125913556 0.0451866414715128 0.0677799617072691 0.0844793723163065 0.0893909636719057 0.0923379184852652 0.0893909636719057 0.0884086454007859 0.081532417502947 0.0756385078762279 0.068762279978389 0.0677799617072691 0.0638506886227898
0.00934579539252336 0.00934579539252336 0.00623053059501558 0.0124610601900312 0.0124610601900312 0.0218068545825545 0.0342679137725857 0.0404984433676013 0.0560747673551402 0.0560747673551402 0.059190032152648 0.0716510913426791 0.0903426801277259 0.11214953371028 0.130841122495327 0.277258567978193
0.0261780114712042 0.0921465978586387 0.0858638753455497 0.0827225140890052 0.0795811528324607 0.075392671157068 0.0712041894816754 0.0680628282251309 0.0659685873874346 0.0617801057120419 0.0586387444554974 0.0544502627801047 0.0513089015235602 0.0460732994293194 0.0418848177539267 0.0387434564973822
0.000000001 0.0155038769689922 0.0155038769689922 0.00775193898449612 0.0232558149534884 0.0232558149534884 0.0232558149534884 0.0155038769689922 0.0155038769689922 0.0232558149534884 0.0232558149534884 0.0155038769689922 0.00775193898449612 0.0155038769689922 0.00775193898449612 0.767441861465116
0.0196353446185133 0.032258065516129 0.0532959336788219 0.0631136054880785 0.0673211791206171 0.0715287527531557 0.0799439000182328 0.0813464245624123 0.0855539981949509 0.0841514736507714 0.0757363263856943 0.0673211791206171 0.0645161300322581 0.0546984582230014 0.0532959336788219 0.0462833109579243
0.0137931044482759 0.071264368816092 0.0720306523409962 0.0720306523409962 0.0720306523409962 0.0674329511915709 0.0674329511915709 0.0651341006168582 0.0620689665172414 0.0636015335670498 0.064367817091954 0.064367817091954 0.0620689665172414 0.060536399467433 0.060536399467433 0.0613026829923372
0.000000001 0.011400652465798 0.0293159619120521 0.0521172648436482 0.0732899032801303 0.0912052127263844 0.11400651565798 0.128664496114007 0.120521173638436 0.104234528687296 0.0879478837361563 0.0716612387850163 0.0456026068631922 0.0358306198925081 0.0211726394364821 0.0130293169609121
0.00566037835849057 0.00943396326415094 0.0245283028867925 0.039622642509434 0.0471698123207547 0.0528301896792453 0.0622641519433962 0.069811321754717 0.0754716991132076 0.0811320764716981 0.0849056613773585 0.0886792462830189 0.0886792462830189 0.0886792462830189 0.090566038735849 0.090566038735849
