0.0625814873102999 0.0625814873102999 0.0625814873102999 0.0638852682750978 0.0625814873102999 0.061277706345502 0.061277706345502 0.061277706345502 0.0625814873102999 0.0625814873102999 0.0625814873102999 0.0625814873102999 0.0625814873102999 0.0625814873102999 0.0625814873102999 0.0638852682750978
0.0264279634893436 0.0537084408976982 0.0613810751687979 0.0588235304117647 0.0579710154927536 0.0639386199258312 0.0630861050068201 0.0647911348448423 0.0664961646828645 0.0699062243589088 0.0673486796018755 0.0707587392779199 0.0699062243589088 0.0647911348448423 0.0699062243589088 0.0707587392779199
0.0108932471873638 0.00435729947494553 0.0065359487124183 0.00435729947494553 0.000000001 0.000000001 0.00217865023747277 0.00435729947494553 0.00435729947494553 0.16557734304793 0.122004358298475 0.122004358298475 0.122004358298475 0.117647059823529 0.117647059823529 0.196078432372549
0.000000001 0.0136612031857923 0.0191256840601093 0.023224044715847 0.0273224053715847 0.0327868862459016 0.0423497277759563 0.0491803288688525 0.0683060119289617 0.0765027332404372 0.0846994545519126 0.0901639354262295 0.0997267769562842 0.114754099360656 0.122950820672131 0.135245902639344
0.0377551030408163 0.0377551030408163 0.0397959193673469 0.0438775520204082 0.0479591846734694 0.0510204091632653 0.0561224499795918 0.063265307122449 0.0673469397755102 0.0704081642653061 0.0724489805918367 0.0765306132448979 0.0795918377346939 0.0826530622244898 0.0846938785510204 0.0887755112040816
0.0115236885800256 0.0230473761600512 0.0320102442778489 0.029449424815621 0.0371318832023047 0.0435339318578745 0.0524967999756722 0.0537772097067862 0.0665813070179257 0.0717029459423816 0.0768245848668374 0.0832266335224072 0.0973111405646607 0.0960307308335467 0.10371318922023 0.121638925455826
0.0100574722643678 0.021551725137931 0.0229885067471264 0.0244252883563218 0.0316091964022989 0.0445402308850575 0.0617816101954023 0.0761494262873563 0.0818965527241379 0.0818965527241379 0.0847701159425287 0.0862068975517241 0.0862068975517241 0.0862068975517241 0.0977011504252874 0.102011495252874
0.0363070549419087 0.0466804989253112 0.0518672209170124 0.0591286317053942 0.0663900424937759 0.0736514532821577 0.0829875528672199 0.0933609968506224 0.0829875528672199 0.0778008308755187 0.0695020756887967 0.0632780092987552 0.0560165985103734 0.0518672209170124 0.045643154526971 0.0425311213319502
0.024000001 0.0426666676666667 0.0333333343333333 0.0213333343333333 0.0466666676666667 0.060000001 0.0613333343333333 0.0453333343333333 0.0533333343333333 0.0693333343333333 0.0746666676666667 0.0853333343333333 0.0866666676666667 0.0933333343333333 0.100000001 0.102666667666667
0.092032968032967 0.0892857152857143 0.0879120889120879 0.0851648361648352 0.0837912097912088 0.0824175834175824 0.0824175834175824 0.0782967042967033 0.0714285724285714 0.0659340669340659 0.0563186823186813 0.0467032977032967 0.0370879130879121 0.0260989020989011 0.0151098911098901 0.000000001
0.0116279079767442 0.0188953498372093 0.0261627916976744 0.0348837219302326 0.0421511637906977 0.0465116289069767 0.0508720940232558 0.0566860475116279 0.063953489372093 0.0697674428604651 0.0755813963488372 0.0828488382093023 0.0901162800697674 0.0988372103023256 0.109011628906977 0.122093024255814
0.000000001 0.0136286211022147 0.0238500861788756 0.0340715512555366 0.0459965938449744 0.0545144814088586 0.0664395239982964 0.0783645665877342 0.0902896091771721 0.10221465176661 0.114139694356048 0.10221465176661 0.0885860316643952 0.0749574115621806 0.0613287914599659 0.0494037488705281
0.0646067425730337 0.0646067425730337 0.0646067425730337 0.0646067425730337 0.0617977538089888 0.0646067425730337 0.0617977538089888 0.0589887650449438 0.0617977538089888 0.0617977538089888 0.0646067425730337 0.0646067425730337 0.0589887650449438 0.0617977538089888 0.0617977538089888 0.0589887650449438
0.0594660204174757 0.058252428184466 0.0606796126504854 0.0618932048834951 0.0618932048834951 0.0606796126504854 0.0618932048834951 0.0618932048834951 0.0643203893495146 0.0606796126504854 0.0643203893495146 0.0643203893495146 0.0655339815825243 0.0643203893495146 0.0655339815825243 0.0643203893495146
0.00295858088165681 0.00591716076331361 0.00295858088165681 0.00591716076331361 0.00591716076331361 0.00887574064497041 0.00887574064497041 0.0118343205266272 0.0236686400532544 0.0384615394615385 0.0680473382781065 0.106508876739645 0.144970415201183 0.174556214017751 0.227810651887574 0.162721894491124
