0.0208044392801664 0.0416088775603329 0.0499306528723994 0.0624133158404993 0.0624133158404993 0.0943134545367545 0.0915395294327323 0.0887656043287101 0.0859916792246879 0.0818307915686546 0.072122053704577 0.0638002783925104 0.058252428184466 0.042995840112344 0.0416088775603329 0.0416088775603329
0.039202658807309 0.0637873764152824 0.0664451837242525 0.0651162800697674 0.0651162800697674 0.06578073189701 0.06578073189701 0.0631229245880399 0.0631229245880399 0.0637873764152824 0.0631229245880399 0.0631229245880399 0.0631229245880399 0.0624584727607973 0.0631229245880399 0.0637873764152824
0.00136986401369863 0.00684931606849315 0.0136986311369863 0.026027398260274 0.0328767133287671 0.036986302369863 0.0424657544246575 0.0479452064794521 0.0589041105890411 0.0712328777123288 0.0808219188082192 0.0958904119589041 0.104109590041096 0.115068494150685 0.128767124287671 0.136986302369863
0.0617128473476071 0.0617128473476071 0.0617128473476071 0.0617128473476071 0.0617128473476071 0.0629722931914358 0.0617128473476071 0.0629722931914358 0.0629722931914358 0.0617128473476071 0.0629722931914358 0.0629722931914358 0.0629722931914358 0.0629722931914358 0.0591939556599496 0.0680100765667506
0.0145560417569141 0.0232896662110626 0.0291120825138282 0.0378457069679767 0.0436681232707424 0.0524017477248908 0.0640465803304221 0.0655021844061135 0.0684133925574964 0.074235808860262 0.0815138292387191 0.0858806414657933 0.091703057768559 0.091703057768559 0.0887918496171761 0.0873362455414847
0.0198598140841121 0.0303738327757009 0.0432243000654206 0.0549065430560748 0.0654205617476636 0.0700934589439252 0.0922897206261682 0.0911214963271028 0.0911214963271028 0.0829439262336449 0.0829439262336449 0.0712616832429906 0.0630841131495327 0.0572429916542056 0.0490654215607477 0.0350467299719626
0.0383944163577661 0.116928447771379 0.109947644979058 0.102966842186736 0.0907504373001745 0.0802792331116928 0.0732984303193717 0.0575916240366492 0.0523560219424084 0.0383944163577661 0.0418848177539267 0.043630018452007 0.0383944163577661 0.0383944163577661 0.0418848177539267 0.0349040149616056
0.000000001 0.000000001 0.000000001 0.000000001 0.0298507472686567 0.0597014935373134 0.0597014935373134 0.0724946705095949 0.0767590628336887 0.0724946705095949 0.0874200436439232 0.093816632130064 0.0916844359680171 0.100213220616205 0.102345416778252 0.153518124667377
0.00815660785154976 0.00815660785154976 0.0163132147030995 0.0277324642952692 0.032626428406199 0.0407830352577488 0.0505709634796085 0.0587275703311582 0.0701468199233279 0.0799347481451876 0.0880913549967374 0.0929853191076672 0.099510604588907 0.106035890070147 0.114192496921697 0.106035890070147
1.000000001 0.000000001 0.000000001 0.000000001 0.000000001 0.000000001 0.000000001 0.000000001 0.000000001 0.000000001 0.000000001 0.000000001 0.000000001 0.000000001 0.000000001 0.000000001
0.0681198920081744 0.0722070854686649 0.0667574941880109 0.0626703007275204 0.05858310726703 0.0517711181662125 0.053133515986376 0.0544959138065395 0.0544959138065395 0.0572207094468665 0.061307902907357 0.0626703007275204 0.0667574941880109 0.0681198920081744 0.0694822898283379 0.0722070854686649
0.000000001 0.140468228424749 0.125418061200669 0.11371237558194 0.102006689963211 0.0936454859498328 0.0836120411337793 0.0735785963177257 0.0618729106989966 0.0535117066856187 0.0418060210668896 0.0351170578561873 0.0284280946454849 0.0234113722374582 0.0167224090267559 0.00668896421070234
0.0438756865575868 0.0621572222065814 0.0639853757714808 0.0621572222065814 0.0621572222065814 0.0621572222065814 0.0621572222065814 0.0621572222065814 0.0676416829012797 0.0676416829012797 0.0658135293363803 0.0658135293363803 0.0676416829012797 0.0676416829012797 0.0676416829012797 0.0493601472522852
0.0227272737272727 0.0318181828181818 0.0295454555454545 0.0295454555454545 0.0454545464545455 0.050000001 0.0477272737272727 0.0477272737272727 0.0545454555454545 0.050000001 0.0454545464545455 0.0590909100909091 0.0886363646363636 0.125000001 0.131818182818182 0.140909091909091
0.000791766637371338 0.0760095021876484 0.0744259709129058 0.0736342052755344 0.0720506740007918 0.0712589083634204 0.0688836114513064 0.0688836114513064 0.0688836114513064 0.0680918458139351 0.065716548901821 0.063341251989707 0.0593824238028504 0.058590658165479 0.0593824238028504 0.0506730017917656
0.00576701368742791 0.013840831449827 0.0242214542871972 0.0334486745870819 0.0392156872745098 0.0461361024994233 0.055363322799308 0.0680507507116494 0.077277971011534 0.0876585938489043 0.0968858141487889 0.0991926192237601 0.102652826836217 0.102652826836217 0.0945790090738178 0.0530565177243368
