0.0161290332580645 0.00806451712903226 0.00806451712903226 0.00806451712903226 0.00806451712903226 0.0161290332580645 0.806451613903226 0.00806451712903226 0.000000001 0.0241935493870968 0.00806451712903226 0.00806451712903226 0.0241935493870968 0.0241935493870968 0.0241935493870968 0.00806451712903226
0.0215827348129496 0.0143884902086331 0.0215827348129496 0.0215827348129496 0.000000001 0.0287769794172662 0.00719424560431655 0.0287769794172662 0.0215827348129496 0.0215827348129496 0.0359712240215827 0.0215827348129496 0.0143884902086331 0.0143884902086331 0.0287769794172662 0.697841727618705
0.0237154160197628 0.0276679851897233 0.0342556004729908 0.0421607388129117 0.0447957849262187 0.0527009232661397 0.0592885385494071 0.0619235846627141 0.0671936768893281 0.0711462460592885 0.075098815229249 0.08300395356917 0.0843214766258235 0.0882740457957839 0.0895915688524374 0.0948616610790514
0.000927644784786642 0.00278293235435993 0.0148423015565863 0.0333951772523191 0.0500927653784787 0.0695732848589981 0.0890538043395176 0.0890538043395176 0.0890538043395176 0.0862708729851577 0.0834879416307978 0.0825602978460111 0.0797773664916512 0.0779220789220779 0.0760667913525046 0.075139147567718
0.0894428162492669 0.0865102649296188 0.0850439892697947 0.0791788866304985 0.0762463353108504 0.0762463353108504 0.0689149570117302 0.0659824056920821 0.0645161300322581 0.06158357871261 0.0586510273929619 0.0498533734340176 0.0425219951348974 0.0395894438152493 0.032258065516129 0.0234604115571848
0.015625001 0.104166667666667 0.105468751 0.097656251 0.070312501 0.074218751 0.0768229176666667 0.0651041676666667 0.0455729176666667 0.0533854176666667 0.0442708343333333 0.0442708343333333 0.050781251 0.0403645843333333 0.0611979176666667 0.050781251
0.043010753688172 0.0573476712508961 0.046594983078853 0.046594983078853 0.046594983078853 0.046594983078853 0.046594983078853 0.043010753688172 0.043010753688172 0.043010753688172 0.039426524297491 0.032258065516129 0.03584229490681 0.03584229490681 0.03584229490681 0.3584229400681
0.0103934679636229 0.07275426974536 0.0720118792479584 0.0705270982531551 0.0690423172583519 0.0690423172583519 0.0675575362635486 0.0660727552687454 0.0653303647713437 0.0645879742739421 0.0638455837765405 0.0631031932791388 0.0631031932791388 0.0623608027817372 0.0608760217869339 0.0593912407921307
0.00182149462477231 0.00182149462477231 0.00182149462477231 0.000000001 0.000000001 0.000000001 0.000000001 0.00910746912386157 0.0364298734954463 0.0601092906174863 0.087431694989071 0.1183970866102 0.140255010107468 0.180327869852459 0.180327869852459 0.182149363477231
0.000000001 0.0666666676666667 0.0666666676666667 0.0666666676666667 0.0666666676666667 0.0666666676666667 0.0666666676666667 0.0666666676666667 0.0666666676666667 0.0666666676666667 0.0666666676666667 0.0666666676666667 0.0666666676666667 0.0666666676666667 0.0666666676666667 0.0666666676666667
0.0251046035104602 0.0418410051841004 0.0460251056025105 0.0418410051841004 0.0418410051841004 0.0376569047656904 0.0376569047656904 0.0376569047656904 0.0418410051841004 0.0460251056025105 0.0418410051841004 0.0418410051841004 0.0460251056025105 0.0460251056025105 0.0711297081129707 0.355648536564854
0.000000001 0.00559701592537313 0.0130597024925373 0.0205223890597015 0.0298507472686567 0.041044777119403 0.0652985084626866 0.0708955233880597 0.0727611950298507 0.0764925383134328 0.0783582099552239 0.082089553238806 0.083955224880597 0.083955224880597 0.0895522398059701 0.186567165179104
0.0620253174556962 0.0626582288481013 0.0626582288481013 0.0626582288481013 0.0626582288481013 0.0626582288481013 0.0626582288481013 0.0620253174556962 0.0620253174556962 0.0626582288481013 0.0620253174556962 0.0626582288481013 0.0626582288481013 0.0626582288481013 0.0626582288481013 0.0626582288481013
0.000000001 0.0925747358119576 0.0916104156576663 0.0916104156576663 0.0896817753490839 0.0829315342690453 0.077145613343298 0.0713596924175506 0.0530376094860174 0.0501446490231437 0.0501446490231437 0.0491803288688525 0.0520732893317261 0.0501446490231437 0.0482160087145612 0.0501446490231437
0.0792838884680307 0.0792838884680307 0.0792838884680307 0.0784313735490196 0.0784313735490196 0.0784313735490196 0.0775788586300085 0.0775788586300085 0.0750213138729753 0.0699062243589088 0.0656436497638534 0.0596760453307758 0.0468883215456095 0.0315430530034101 0.0179028142992327 0.0051150905140665
0.0721102873202545 0.0615058334496288 0.0583244972884411 0.0604453880625663 0.0604453880625663 0.0615058334496288 0.0625662788366914 0.0615058334496288 0.0625662788366914 0.0593849426755037 0.0604453880625663 0.0615058334496288 0.0625662788366914 0.0646871696108165 0.0657476149978791 0.0646871696108165
0.0133333343333333 0.0213333343333333 0.0293333343333333 0.0293333343333333 0.0266666676666667 0.032000001 0.0373333343333333 0.056000001 0.072000001 0.0906666676666667 0.104000001 0.130666667666667 0.128000001 0.0933333343333333 0.0773333343333333 0.0586666676666667
0.0341013834884793 0.0423963143640553 0.0488479272672811 0.0516129042258065 0.0525345632119816 0.0543778811843318 0.056221199156682 0.0589861761152074 0.0617511530737327 0.0645161300322581 0.0672811069907834 0.0709677429354839 0.0764976968525346 0.0820276507695853 0.0875576046866359 0.0903225816451613
0.0243531212435312 0.0410958914109589 0.0502283115022831 0.060882801608828 0.0715372917153729 0.0821917818219178 0.0943683419436834 0.100456622004566 0.101978692019787 0.0882800618828006 0.0821917818219178 0.0654490116544901 0.0563165915631659 0.0410958914109589 0.0258751912587519 0.0136986311369863
0.000000001 0.016000001 0.0274285724285714 0.0354285724285714 0.040000001 0.0514285724285714 0.0571428581428571 0.0628571438571429 0.0674285724285714 0.0754285724285714 0.080000001 0.0868571438571429 0.0925714295714286 0.0994285724285714 0.104000001 0.104000001
0.000000001 0.0666666676666667 0.0666666676666667 0.0666666676666667 0.0666666676666667 0.0666666676666667 0.0666666676666667 0.0666666676666667 0.0666666676666667 0.0666666676666667 0.0666666676666667 0.0666666676666667 0.0666666676666667 0.0666666676666667 0.0666666676666667 0.0666666676666667
0.000000001 0.000000001 0.000000001 0.000000001 0.000000001 0.000000001 0.000000001 0.000000001 0.000000001 0.000000001 0.000000001 0.000000001 0.000000001 0.000000001 0.000000001 1.000000001
