0.161157025793388 0.351239670421488 0.21900826546281 0.0991735547190083 0.0454545464545455 0.0247933894297521 0.0165289266198347 0.00826446380991736 0.012396695214876 0.0165289266198347 0.0165289266198347 0.012396695214876 0.00826446380991736 0.00413223240495868 0.00413223240495868 0.000000001
0.00303490236570561 0.107738999482549 0.151745069285281 0.151745069285281 0.142640365188164 0.139605463822458 0.119878604945372 0.151745069285281 0.00455235304855842 0.00606980373141123 0.00303490236570561 0.00151745168285281 0.00455235304855842 0.00303490236570561 0.00455235304855842 0.00455235304855842
0.102199224803364 0.0944372584385511 0.0983182416209573 0.0944372584385511 0.0646830540401035 0.0491591213104786 0.0504527823712807 0.0530401044928849 0.0530401044928849 0.0530401044928849 0.055627426614489 0.055627426614489 0.0465717991888745 0.0439844770672704 0.0439844770672704 0.0413971549456662
0.0474576281186441 0.0542372891355932 0.0559322043898305 0.0576271196440678 0.0559322043898305 0.0593220348983051 0.0593220348983051 0.0627118654067797 0.0644067806610169 0.0661016959152542 0.0694915264237288 0.0728813569322034 0.0728813569322034 0.0728813569322034 0.0677966111694915 0.0610169501525424
0.123861567484517 0.10200364398725 0.103825137612022 0.0892531886138433 0.0783242268652095 0.0710382523661202 0.0710382523661202 0.0564663033679417 0.0510018224936248 0.0473588352440801 0.0455373416193078 0.0455373416193078 0.0400728607449909 0.029143898996357 0.0255009117468124 0.0200364308724954
0.0671232886712329 0.0698630146986301 0.0712328777123288 0.0698630146986301 0.0712328777123288 0.0684931516849315 0.0684931516849315 0.0684931516849315 0.0684931516849315 0.0684931516849315 0.0643835626438356 0.063013699630137 0.0575342475753425 0.0547945215479452 0.0410958914109589 0.0273972612739726
0.0545454555454545 0.0727272737272727 0.0565656575656566 0.0585858595858586 0.0606060616060606 0.0545454555454545 0.0727272737272727 0.0525252535252525 0.0707070717070707 0.0484848494848485 0.0727272737272727 0.0484848494848485 0.0707070717070707 0.0525252535252525 0.0666666676666667 0.0868686878686869
0.0634328368208955 0.0634328368208955 0.0609452746318408 0.0621890557263682 0.0634328368208955 0.0634328368208955 0.0597014935373134 0.0634328368208955 0.0572139313482587 0.0621890557263682 0.0621890557263682 0.0634328368208955 0.0609452746318408 0.0646766179154229 0.0634328368208955 0.0659203990099502
0.0283870977741935 0.0554838719677419 0.0761290332580645 0.0903225816451613 0.0954838719677419 0.087741936483871 0.0774193558387097 0.0748387106774193 0.072258065516129 0.0658064526129032 0.0567741945483871 0.0541935493870968 0.0503225816451613 0.0438709687419355 0.0361290332580645 0.0348387106774194
0.0686922070766182 0.0700132110396301 0.0700132110396301 0.071334215002642 0.071334215002642 0.0700132110396301 0.0700132110396301 0.0673712031136063 0.0673712031136063 0.0660501991505944 0.0620871872615588 0.0568031714095112 0.0488771476314399 0.0449141357424042 0.0435931317793923 0.0515191555574637
0.0690184059079755 0.0950920255398773 0.0874233138834356 0.0812883445582822 0.0720858905705521 0.0659509212453988 0.0628834365828221 0.0598159519202454 0.0567484672576687 0.0552147249263804 0.049079755601227 0.049079755601227 0.049079755601227 0.049079755601227 0.049079755601227 0.049079755601227
0.0122591953957968 0.0157618223660245 0.021015762821366 0.0332749572171629 0.0385288976725044 0.0490367785831874 0.0647985999492119 0.0735551673747811 0.0788091078301226 0.0840630482854641 0.0858143617705779 0.0875656752556918 0.0875656752556918 0.0893169887408056 0.0858143617705779 0.0928196157110333
0.0618811891188119 0.0643564366435644 0.0618811891188119 0.0618811891188119 0.0643564366435644 0.0643564366435644 0.0631188128811881 0.0643564366435644 0.0618811891188119 0.0618811891188119 0.0618811891188119 0.0606435653564356 0.0618811891188119 0.0618811891188119 0.0618811891188119 0.0618811891188119
0.0654205617476635 0.0600801078090788 0.0600801078090788 0.0600801078090788 0.061415221293725 0.061415221293725 0.061415221293725 0.0600801078090788 0.061415221293725 0.0627503347783712 0.0627503347783712 0.0627503347783712 0.0640854482630173 0.0640854482630173 0.0654205617476635 0.0667556752323097
0.0623306243062331 0.0636856378563686 0.0636856378563686 0.0636856378563686 0.0636856378563686 0.0636856378563686 0.0636856378563686 0.0623306243062331 0.0609756107560976 0.0609756107560976 0.0609756107560976 0.0609756107560976 0.0596205972059621 0.0636856378563686 0.0636856378563686 0.0623306243062331
0.0633713571470216 0.0621039300240811 0.0608365029011407 0.0595690757782003 0.0621039300240811 0.0621039300240811 0.0621039300240811 0.0621039300240811 0.0621039300240811 0.0633713571470216 0.0621039300240811 0.0633713571470216 0.0633713571470216 0.064638784269962 0.064638784269962 0.0621039300240811
0.0563380291690141 0.0563380291690141 0.0610328648497653 0.0610328648497653 0.0610328648497653 0.0610328648497653 0.0610328648497653 0.0633802826901409 0.0633802826901409 0.0633802826901409 0.0633802826901409 0.0657277005305164 0.0657277005305164 0.0657277005305164 0.0657277005305164 0.0657277005305164
0.0182328200743338 0.0224403937068724 0.032258065516129 0.0350631146044881 0.0378681636928471 0.0420757373253857 0.0406732127812062 0.0434782618695652 0.0575035073113604 0.0701262282089762 0.0771388509298738 0.0855539981949509 0.0967741945483871 0.106591866357644 0.115007013622721 0.119214587255259
0.0583232087764277 0.0558930751190765 0.0595382756051033 0.0595382756051033 0.0619684092624544 0.06318347609113 0.0643985429198056 0.0643985429198056 0.06318347609113 0.06318347609113 0.06318347609113 0.0668286765771567 0.0643985429198056 0.0619684092624544 0.0656136097484812 0.0643985429198056
0.0113636373636364 0.0284090919090909 0.0454545464545454 0.0549242434242424 0.0814393949393939 0.0852272737272727 0.102272728272727 0.113636364636364 0.104166667666667 0.0928030313030303 0.0833333343333333 0.0643939403939394 0.0568181828181818 0.0397727282727273 0.0246212131212121 0.0113636373636364
0.0951871667754011 0.100534760358289 0.0951871667754011 0.0909090919090909 0.0834224608930481 0.0802139047433155 0.0780748673101604 0.0684491988609626 0.0620320865614973 0.0556149742620321 0.0491978619625668 0.0417112309465241 0.0331550812139037 0.0224598940481283 0.0224598940481283 0.0213903753315508
0.0766917303233083 0.0721804521278196 0.0721804521278196 0.0721804521278196 0.0721804521278196 0.075187970924812 0.0721804521278196 0.0736842115263158 0.0721804521278196 0.0646616551353384 0.0631578957368421 0.0571428581428571 0.0511278205488722 0.043609023556391 0.0330827077669173 0.0285714295714286
