0.00251256381407035 0.0175879406984925 0.0251256291407035 0.0251256291407035 0.0326633175829146 0.0402010060251256 0.0452261316532663 0.0452261316532663 0.0477386944673367 0.0452261316532663 0.0477386944673367 0.0728643226080402 0.0954773879346734 0.120603016075377 0.14321608140201 0.193467337683417
0.000000001 0.000000001 0.000000001 0.000000001 0.000000001 0.000000001 0.000000001 0.000000001 0.000000001 0.000000001 0.000000001 0.000000001 0.000000001 0.000000001 0.000000001 1.000000001
0.00587544165804935 0.0164512348425382 0.0223266755005875 0.0317273805534665 0.0376028212115159 0.0446533500011751 0.0517038787908343 0.0587544075804935 0.0658049363701528 0.072855465159812 0.0787309058178614 0.0857814346075206 0.0951821396603995 0.103407756581669 0.111633373502938 0.117508814160987
0.0085348516401138 0.027027028027027 0.0384068288805121 0.0455192044139403 0.0483641546273115 0.0611664305874822 0.0668563310142247 0.0597439554807966 0.0568990052674253 0.0568990052674253 0.0640113808008535 0.0654338559075391 0.0753911816543385 0.085348507401138 0.102418208681366 0.137980086348506
0.0377166166982671 0.0387359846901121 0.0397553526819572 0.0489296646085627 0.0570846085433231 0.0652395524780836 0.0662589204699286 0.0703363924373089 0.072375128420999 0.072375128420999 0.073394496412844 0.073394496412844 0.0693170244454638 0.0693170244454638 0.072375128420999 0.073394496412844
0.0403496983772697 0.0672494966287828 0.0672494966287828 0.0672494966287828 0.0672494966287828 0.0672494966287828 0.0672494966287828 0.0672494966287828 0.0672494966287828 0.0672494966287828 0.0672494966287828 0.0672494966287828 0.0611970420221923 0.0571620722844654 0.0524546075904506 0.0490921328090114
0.000000001 0.000000001 0.000000001 0.000000001 0.000000001 0.000000001 0.000000001 0.000000001 0.000000001 0.000000001 0.000000001 0.000000001 0.000000001 0.000000001 0.000000001 1.000000001
0.000000001 0.000000001 0.000000001 0.000000001 0.000000001 0.000000001 0.000000001 0.000000001 0.000000001 0.000000001 0.000000001 0.000000001 0.000000001 0.00943396326415094 0.0471698123207547 0.943396227415094
0.0334928239665072 0.0287081349712919 0.0334928239665072 0.0334928239665072 0.0334928239665072 0.0334928239665072 0.0287081349712919 0.0287081349712919 0.0287081349712919 0.0287081349712919 0.0334928239665072 0.0334928239665072 0.0334928239665072 0.196172249803828 0.196172249803828 0.196172249803828
0.000000001 0.000000001 0.000000001 0.000000001 0.000000001 0.000000001 0.000000001 0.000000001 0.000000001 0.000000001 0.000000001 0.000000001 0.000000001 0.000000001 0.000000001 1.000000001
0.000000001 0.00425532014893617 0.00851063929787234 0.0106382988723404 0.0531914903617021 0.0595744690851064 0.0659574478085106 0.0702127669574468 0.075531915893617 0.0808510648297872 0.0861702137659574 0.0914893627021277 0.0957446818510638 0.0978723414255319 0.098936171212766 0.101063830787234
0.0373563228390805 0.0373563228390805 0.0373563228390805 0.0373563228390805 0.0373563228390805 0.0373563228390805 0.0431034492758621 0.0459770124942529 0.0459770124942529 0.0488505757126437 0.0545977021494253 0.0574712653678161 0.0660919550229885 0.0775862078965517 0.0890804607701149 0.247126437781609
0.0518266789949023 0.0518266789949023 0.0526762966669499 0.0535259143389975 0.0552251496830926 0.0569243850271878 0.0586236203712829 0.0603228557153781 0.0620220910594732 0.0637213264035684 0.0654205617476636 0.0679694147638063 0.070518267779949 0.0739167384681393 0.0764655914842821 0.0790144445004248
0.0087719308245614 0.0175438606491228 0.0087719308245614 0.0087719308245614 0.0175438606491228 0.0087719308245614 0.0087719308245614 0.0087719308245614 0.0087719308245614 0.000000001 0.0087719308245614 0.0087719308245614 0.0087719308245614 0.0087719308245614 0.0087719308245614 0.859649123807018
0.0300751889699248 0.0300751889699248 0.037593985962406 0.0300751889699248 0.0225563919774436 0.0300751889699248 0.0150375949849624 0.0300751889699248 0.0150375949849624 0.0150375949849624 0.000000001 0.0075187979924812 0.000000001 0.000000001 0.0150375949849624 0.721804512278195
0.0667752452996743 0.0618892518143323 0.0472312713583062 0.0390879488827362 0.0342019553973941 0.0390879488827362 0.0407166133778502 0.0390879488827362 0.0407166133778502 0.0439739423680782 0.0423452778729642 0.0912052127263844 0.0944625417166124 0.0960912062117264 0.112377851162866 0.110749186667752
0.208333334333333 0.0333333343333333 0.0333333343333333 0.0333333343333333 0.0333333343333333 0.037500001 0.0333333343333333 0.0291666676666667 0.0208333343333333 0.0208333343333333 0.0166666676666667 0.0166666676666667 0.0166666676666667 0.025000001 0.025000001 0.416666667666667
0.000000001 0.000000001 0.000000001 0.000000001 0.000000001 0.000000001 0.000000001 0.000000001 0.000000001 0.000000001 0.000000001 0.000000001 0.000000001 0.000000001 0.000000001 1.000000001
0.0275650852266462 0.0290964787947933 0.0321592659310873 0.0352220530673813 0.0459418080444104 0.0474732016125574 0.0535987758851455 0.0597243501577335 0.0689127115666156 0.0719754987029096 0.0750382858392037 0.0811638601117917 0.0872894343843798 0.0903522215206738 0.0949464022251149 0.0995405829295559
0.018018019018018 0.018018019018018 0.018018019018018 0.00900901000900901 0.00900901000900901 0.00900901000900901 0.00900901000900901 0.00900901000900901 0.00900901000900901 0.00900901000900901 0.00900901000900901 0.00900901000900901 0.00900901000900901 0.000000001 0.00900901000900901 0.846846847846847
0.000000001 0.0666666676666667 0.0666666676666667 0.0666666676666667 0.0666666676666667 0.0666666676666667 0.0666666676666667 0.0666666676666667 0.0666666676666667 0.0666666676666667 0.0666666676666667 0.0666666676666667 0.0666666676666667 0.0666666676666667 0.0666666676666667 0.0666666676666667
