0.0150478806169631 0.0177838587291382 0.0287277711778386 0.0437756507948016 0.0560875522995896 0.0656634756922025 0.0711354319165527 0.0779753771969904 0.0807113553091655 0.0889192896456908 0.0834473334213406 0.0711354319165527 0.0711354319165527 0.0779753771969904 0.0752393990848153 0.0752393990848153
0.757575758575758 0.00757575857575758 0.0303030313030303 0.0151515161515152 0.00757575857575758 0.0151515161515152 0.0151515161515152 0.0227272737272727 0.0303030313030303 0.00757575857575758 0.0227272737272727 0.0227272737272727 0.0227272737272727 0.00757575857575758 0.00757575857575758 0.00757575857575758
0.0627400778245839 0.0627400778245839 0.0653008972868118 0.060179258362356 0.060179258362356 0.0614596680934699 0.0614596680934699 0.0614596680934699 0.0627400778245839 0.0627400778245839 0.0614596680934699 0.0627400778245839 0.0640204875556978 0.0627400778245839 0.0627400778245839 0.0653008972868118
0.0228070185438597 0.0298245624035088 0.0333333343333333 0.0368421062631579 0.0403508781929825 0.0491228080175439 0.0543859659122807 0.0596491238070175 0.0631578957368421 0.0701754395964912 0.0736842115263158 0.0789473694210526 0.0842105273157895 0.0929824571403509 0.100000001 0.110526316789474
0.0542082748944365 0.0584878754650499 0.0641940095592011 0.0641940095592011 0.0684736101298146 0.072753210700428 0.072753210700428 0.0641940095592011 0.0613409425121255 0.0542082748944365 0.0556348084179743 0.0556348084179743 0.0570613419415121 0.0570613419415121 0.0570613419415121 0.0827389453651926
0.0608108118108108 0.0635135145135135 0.0635135145135135 0.0635135145135135 0.0635135145135135 0.0621621631621622 0.0648648658648649 0.0635135145135135 0.0621621631621622 0.0621621631621622 0.0621621631621622 0.0621621631621622 0.0635135145135135 0.0594594604594595 0.0594594604594595 0.0635135145135135
0.0136425658021828 0.00954979636152797 0.0109140528417462 0.0177353352428377 0.0286493870845839 0.0395634389263301 0.0504774907680764 0.0559345166889495 0.0641200555702592 0.0723055944515689 0.0804911333328786 0.0927694416548431 0.102319237016371 0.113233288858117 0.121418827739427 0.1268758536603
0.000000001 0.0580912873070539 0.0622406649004149 0.0650069166293223 0.0663900424937759 0.0677731683582296 0.0691562942226833 0.0691562942226833 0.0677731683582296 0.0677731683582296 0.0677731683582296 0.0677731683582296 0.0677731683582296 0.0677731683582296 0.0677731683582296 0.0677731683582296
0.0172166437546628 0.0315638460502152 0.0358680067388809 0.0401721674275466 0.0444763281162123 0.0444763281162123 0.0487804888048781 0.0530846494935438 0.0573888101822095 0.0631276911004304 0.0717360124777618 0.0760401731664276 0.084648494543759 0.0961262563802009 0.110473458675753 0.124820660971306
0.0405027942960894 0.0405027942960894 0.0446927384301676 0.0446927384301676 0.0460893864748603 0.0488826825642458 0.053072626698324 0.0572625708324022 0.0600558669217877 0.0628491630111732 0.0698324032346369 0.0726256993240224 0.0768156434581006 0.0810055875921788 0.0879888278156425 0.113128492620112
0.0608228990322004 0.0572450815008945 0.0608228990322004 0.0572450815008945 0.0626118077978533 0.0644007165635063 0.0608228990322004 0.0590339902665474 0.0590339902665474 0.0590339902665474 0.0626118077978533 0.0644007165635063 0.0661896253291592 0.0679785340948122 0.0679785340948122 0.0697674428604651
1.000000001 0.000000001 0.000000001 0.000000001 0.000000001 0.000000001 0.000000001 0.000000001 0.000000001 0.000000001 0.000000001 0.000000001 0.000000001 0.000000001 0.000000001 0.000000001
0.0509803931568628 0.0784313735490196 0.0745098049215686 0.0745098049215686 0.0735294127647059 0.0725490206078431 0.0715686284509804 0.0696078441372549 0.0666666676666667 0.0647058833529412 0.0617647068823529 0.057843138254902 0.0519607853137255 0.0480392166862745 0.0431372559019608 0.0401960794313726
0.779527560055118 0.0078740167480315 0.0078740167480315 0.0078740167480315 0.015748032496063 0.0078740167480315 0.015748032496063 0.015748032496063 0.015748032496063 0.015748032496063 0.0236220482440945 0.0236220482440945 0.015748032496063 0.0236220482440945 0.015748032496063 0.0078740167480315
0.062962963962963 0.0654320997654321 0.0617283960617284 0.0617283960617284 0.062962963962963 0.0617283960617284 0.0592592602592593 0.0617283960617284 0.0604938281604938 0.0617283960617284 0.062962963962963 0.0617283960617284 0.0617283960617284 0.0641975318641975 0.0654320997654321 0.0641975318641975
0.0428432337166504 0.0759493680886076 0.0759493680886076 0.0720545287507303 0.0720545287507303 0.071080818916261 0.068159689412853 0.0662122697439143 0.0662122697439143 0.065238559909445 0.0603700107370983 0.0574488812336904 0.0574488812336904 0.056475171399221 0.0486854927234664 0.0438169435511198
0.0358208965223881 0.0388059711492537 0.0432835830895522 0.0477611950298507 0.0522388069701493 0.0537313442835821 0.0582089562238806 0.0626865681641791 0.0671641801044776 0.0686567174179104 0.0716417920447761 0.0761194039850746 0.0776119412985075 0.0791044786119403 0.0835820905522388 0.0835820905522388
