0.000000001 0.000000001 0.000000001 0.000000001 0.000000001 0.000000001 0.000000001 0.000000001 0.000000001 0.000000001 0.000000001 0.000000001 0.000000001 0.000000001 0.080000001 0.920000001
0.0629820061413882 0.0629820061413882 0.0629820061413882 0.06426735318509 0.0629820061413882 0.0616966590976864 0.0616966590976864 0.0591259650102828 0.0604113120539846 0.0616966590976864 0.0629820061413882 0.06426735318509 0.06426735318509 0.0629820061413882 0.0616966590976864 0.0629820061413882
0.00216294260057678 0.0648882490173035 0.0677721711514059 0.0684931516849315 0.0670511906178803 0.0692141322184571 0.0699351127519827 0.0648882490173035 0.0648882490173035 0.0663302100843547 0.0677721711514059 0.0627253074167267 0.0663302100843547 0.0656092295508291 0.0656092295508291 0.0663302100843547
0.00424328247100424 0.00424328247100424 0.00565770962800566 0.00707213678500707 0.0183875540410184 0.0297029712970297 0.0381895342390382 0.0452616700240453 0.0495049514950495 0.0721357860070721 0.0975954748330976 0.115983027874116 0.123055163659123 0.125884017973126 0.128712872287129 0.134370580915134
0.000000001 0.0666666676666667 0.0666666676666667 0.0666666676666667 0.0666666676666667 0.0666666676666667 0.0666666676666667 0.0666666676666667 0.0666666676666667 0.0666666676666667 0.0666666676666667 0.0666666676666667 0.0666666676666667 0.0666666676666667 0.0666666676666667 0.0666666676666667
0.0150753778844221 0.0665829155728643 0.0615577899447236 0.071608041201005 0.0527638200954774 0.0804020110502513 0.0527638200954774 0.0678391969798995 0.0628140713517588 0.064070352758794 0.0678391969798995 0.0590452271306533 0.0653266341658292 0.071608041201005 0.0653266341658292 0.0753768854221105
0.0145719499981785 0.0145719499981785 0.0145719499981785 0.0145719499981785 0.0127504563734062 0.00910746912386157 0.0145719499981785 0.0163934436229508 0.0327868862459016 0.063752277867031 0.107468124861566 0.116575592985428 0.116575592985428 0.138433516482696 0.151183971856102 0.162112933604736
0.0714285724285714 0.000000001 0.000000001 0.000000001 0.0714285724285714 0.0714285724285714 0.000000001 0.0714285724285714 0.142857143857143 0.0714285724285714 0.142857143857143 0.0714285724285714 0.0714285724285714 0.0714285724285714 0.0714285724285714 0.0714285724285714
0.00664206742066421 0.0708487094870849 0.0708487094870849 0.0701107021070111 0.0686346873468635 0.0678966799667897 0.0664206652066421 0.0656826578265683 0.0649446504464945 0.0642066430664207 0.0642066430664207 0.0649446504464945 0.0649446504464945 0.0642066430664207 0.0634686356863469 0.0619926209261993
0.000000001 0.0105596630908131 0.0242872238088701 0.044350581781415 0.0591341087085533 0.0760295680538543 0.0834213315174234 0.08870116256283 0.103484689489968 0.0939809936082365 0.0865892301446674 0.0781415004720169 0.0696937707993664 0.0633579735448786 0.0601900749176346 0.058078142499472
0.0281329933273657 0.0281329933273657 0.0281329933273657 0.030690538084399 0.0281329933273657 0.0281329933273657 0.0255754485703325 0.0281329933273657 0.0971867017672634 0.0971867017672634 0.0997442465242967 0.0971867017672634 0.0971867017672634 0.0946291570102302 0.0946291570102302 0.0971867017672634
0.02710027200271 0.0311653126531165 0.0365853668536585 0.037940380403794 0.043360434604336 0.048780488804878 0.0528455294552846 0.0582655836558266 0.0609756107560976 0.0623306243062331 0.0677506785067751 0.0758807598075881 0.0799458004579946 0.0880758817588076 0.105691057910569 0.123306234062331
0.000000001 0.000000001 0.000000001 0.000000001 0.000000001 0.000000001 0.000000001 0.000000001 0.018970190701897 0.048780488804878 0.0948509495094851 0.13550135601355 0.165311654116531 0.205962060620596 0.178861789617886 0.151761518615176
0.08424599931508 0.08424599931508 0.08424599931508 0.0834035393319292 0.0834035393319292 0.0834035393319292 0.0834035393319292 0.0834035393319292 0.0412805401743892 0.0412805401743892 0.0404380801912384 0.0404380801912384 0.0412805401743892 0.04212300015754 0.04212300015754 0.0412805401743892
0.063437140561707 0.0622837380242215 0.0622837380242215 0.0622837380242215 0.0622837380242215 0.0622837380242215 0.063437140561707 0.063437140561707 0.0645905430991926 0.0645905430991926 0.063437140561707 0.0645905430991926 0.0622837380242215 0.0611303354867359 0.0588235304117647 0.0588235304117647
0.0587570631468927 0.0564971761412429 0.0553672326384181 0.0564971761412429 0.0553672326384181 0.0553672326384181 0.0542372891355932 0.0553672326384181 0.0576271196440678 0.0598870066497175 0.0610169501525424 0.0655367241638418 0.0655367241638418 0.072316385180791 0.0813559332033898 0.0892655377231639
0.000000001 0.000000001 0.000000001 0.000000001 0.000000001 0.000000001 0.000000001 0.000000001 0.000000001 0.000000001 0.000000001 0.000000001 0.000000001 0.328358209955224 0.332089553238806 0.33955223980597
0.0082815744989648 0.0248447214968944 0.0393374751200828 0.0559006221180124 0.0662525889917184 0.0807453426149068 0.0890269161138716 0.0993788829875776 0.107660456486542 0.0993788829875776 0.0890269161138716 0.0745341624906832 0.0641821956169772 0.05175983536853 0.0331262949958592 0.0165631479979296
