0.0102040826326531 0.0102040826326531 0.0102040826326531 0.0102040826326531 0.00510204181632653 0.0153061234489796 0.0153061234489796 0.0153061234489796 0.0102040826326531 0.0102040826326531 0.0102040826326531 0.0102040826326531 0.0459183683469388 0.0969387765102041 0.23469387855102 0.489795919367347
0.0321384435216316 0.0370828192941904 0.0395550071804697 0.0457354768961681 0.0457354768961681 0.0457354768961681 0.0519159466118665 0.0568603223844252 0.0630407921001236 0.069221261815822 0.069221261815822 0.072929543645241 0.0778739194177998 0.0865265770197775 0.0976514225080346 0.108776267996292
0.445454546454545 0.0181818191818182 0.00454545554545455 0.0136363646363636 0.00909091009090909 0.00909091009090909 0.0136363646363636 0.00454545554545455 0.00454545554545455 0.00454545554545455 0.00909091009090909 0.00909091009090909 0.000000001 0.00909091009090909 0.00454545554545455 0.440909091909091
0.0573394505412844 0.0584862395321101 0.055045872559633 0.0573394505412844 0.0619266065045872 0.0584862395321101 0.0619266065045872 0.0584862395321101 0.0596330285229358 0.0573394505412844 0.0630733954954128 0.0665137624678899 0.0676605514587156 0.0711009184311927 0.0711009184311927 0.0745412854036697
0.0351941757572816 0.0424757291553398 0.0485436903203883 0.0558252437184466 0.0606796126504854 0.0618932048834951 0.0643203893495146 0.0655339815825243 0.066747573815534 0.0679611660485437 0.0691747582815534 0.0703883505145631 0.0703883505145631 0.0740291272135922 0.0728155349805825 0.0740291272135922
0.0685185195185185 0.118518519518519 0.135185186185185 0.127777778777778 0.111111112111111 0.0703703713703704 0.0666666676666667 0.0592592602592593 0.0518518528518518 0.0444444454444444 0.0388888898888889 0.0259259269259259 0.0222222232222222 0.0203703713703704 0.0222222232222222 0.0166666676666667
0.018359854121175 0.01468788349694 0.02203182474541 0.0269277855777234 0.0391676876585067 0.0587515309877601 0.0807833547331701 0.0869033057735618 0.0930232568139535 0.101591188270502 0.0979192176462668 0.0966952274381885 0.0881272959816401 0.0820073449412485 0.0563035505716034 0.0367197072423501
0.0124869937159209 0.0197710728002081 0.032258065516129 0.0457856409583767 0.0582726336742976 0.0697190436638918 0.0697190436638918 0.0707596263902185 0.0707596263902185 0.0759625400218522 0.077003122748179 0.0790842882008325 0.0790842882008325 0.0790842882008325 0.0790842882008325 0.081165453653486
0.961538462538461 0.000000001 0.000000001 0.000000001 0.00961538561538462 0.000000001 0.000000001 0.000000001 0.000000001 0.000000001 0.000000001 0.000000001 0.00961538561538462 0.00961538561538462 0.00961538561538462 0.000000001
0.000000001 0.00843881956540084 0.0168776381308017 0.0253164566962025 0.0337552752616034 0.0421940938270042 0.0506329123924051 0.0569620263164557 0.0675105495232067 0.0780590727299578 0.0843881866540084 0.10126582378481 0.105485233067511 0.107594937708861 0.109704642350211 0.111814346991561
0.062500001 0.062500001 0.062500001 0.062500001 0.062500001 0.062500001 0.062500001 0.062500001 0.062500001 0.062500001 0.062500001 0.062500001 0.062500001 0.062500001 0.062500001 0.062500001
0.055045872559633 0.0602883365176933 0.0615989525072084 0.0602883365176933 0.0615989525072084 0.0629095684967235 0.0615989525072084 0.0615989525072084 0.0629095684967235 0.0629095684967235 0.0642201844862385 0.0642201844862385 0.0642201844862385 0.0681520324547838 0.0642201844862385 0.0642201844862385
0.0297339603114241 0.028169015084507 0.0297339603114241 0.0375586864460094 0.0438184673536776 0.0485133030344288 0.05320813871518 0.054773083942097 0.0594679196228482 0.0594679196228482 0.0641627553035994 0.0672926457574335 0.0751173718920188 0.0876369337073553 0.104851331203443 0.156494523691706
0.000000001 0.0309446264071661 0.0390879488827362 0.0553745938338762 0.0651465808045603 0.0716612387850163 0.0765472322703583 0.0798045612605863 0.0814332257557003 0.0830618902508143 0.0830618902508143 0.0830618902508143 0.0732899032801303 0.0651465808045603 0.0586319228241042 0.0537459293387622
0.000000001 0.0671936768893281 0.0671936768893281 0.0671936768893281 0.0658761538326746 0.0671936768893281 0.0658761538326746 0.0658761538326746 0.0658761538326746 0.0658761538326746 0.0658761538326746 0.0671936768893281 0.0685111999459816 0.0658761538326746 0.0671936768893281 0.0671936768893281
0.062500001 0.062500001 0.062500001 0.062500001 0.062500001 0.062500001 0.062500001 0.062500001 0.062500001 0.062500001 0.062500001 0.062500001 0.062500001 0.062500001 0.062500001 0.062500001
0.00785854716895874 0.00982318371119843 0.0137524567956778 0.0137524567956778 0.0176817298801572 0.0235756395068762 0.0275049125913556 0.031434185675835 0.0333988222180747 0.0392927318447937 0.0432220049292731 0.131630649330059 0.137524558956778 0.145383105125737 0.155206287836935 0.168958743632613
0.000000001 0.0187018711870187 0.0264026412640264 0.0341034113410341 0.0451045114510451 0.0528052815280528 0.0594059415940594 0.0649064916490649 0.0715071517150715 0.077007701770077 0.0814081418140814 0.0847084718470847 0.0869086918690869 0.0924092419240924 0.099009901990099 0.105610562056106
0.0264900672251656 0.0529801334503311 0.0728476831192053 0.0927152327880795 0.0993377493443709 0.105960265900662 0.0927152327880795 0.0794701996754967 0.0662251665629139 0.0662251665629139 0.0596026500066225 0.0596026500066225 0.0397351003377483 0.033112583781457 0.033112583781457 0.0198675506688742
0.0107296147339056 0.0182403443476395 0.0268240353347639 0.0321888422017167 0.036480687695279 0.0439914173090129 0.0504291855493562 0.0622317606566524 0.0665236061502146 0.0793991426309013 0.0836909881244635 0.0847639494978541 0.0944206018583691 0.101931331472103 0.103004292845494 0.105150215592275
0.175054705595186 0.131291029446389 0.105032823757112 0.087527353297593 0.0940919047199125 0.0765864342603939 0.0634573314157549 0.0525164123785558 0.0459518609562363 0.0350109419190372 0.0262582066892779 0.0240700228818381 0.0218818390743982 0.0196936552669584 0.0196936552669584 0.0218818390743982
0.256637169141593 0.221238939053097 0.212389381530973 0.18141593020354 0.128318585070796 0.000000001 0.000000001 0.000000001 0.000000001 0.000000001 0.000000001 0.000000001 0.000000001 0.000000001 0.000000001 0.000000001
0.0651658777772512 0.0651658777772512 0.0651658777772512 0.0687203801469194 0.0616113754075829 0.0616113754075829 0.0616113754075829 0.0604265412843602 0.0604265412843602 0.0616113754075829 0.0616113754075829 0.0604265412843602 0.0616113754075829 0.0616113754075829 0.0616113754075829 0.0616113754075829
0.0978865416006674 0.0845383769733037 0.0800889887641824 0.0778642946596218 0.0745272535027809 0.0723025593982203 0.0689655182413793 0.0667408241368187 0.0634037829799777 0.0645161300322581 0.0611790888754171 0.0567297006662959 0.0422691889866518 0.03559510667297 0.032258065516129 0.0211345949933259
0.00709219958156028 0.0130023650661939 0.0236406629385343 0.033096927713948 0.0437352255862884 0.0508274241678487 0.057919622749409 0.0650118213309693 0.0709219868156028 0.0756501192033097 0.0839243508817967 0.0862884170756501 0.0886524832695035 0.0945626487541371 0.100472814238771 0.105200946626478
