0.0236220482440945 0.0078740167480315 0.0078740167480315 0.015748032496063 0.0078740167480315 0.015748032496063 0.015748032496063 0.0078740167480315 0.015748032496063 0.015748032496063 0.015748032496063 0.0078740167480315 0.015748032496063 0.0236220482440945 0.0236220482440945 0.779527560055118
0.0065359487124183 0.0130718964248366 0.0130718964248366 0.0130718964248366 0.0326797395620915 0.0457516349869281 0.0130718964248366 0.0261437918496732 0.0261437918496732 0.0326797395620915 0.0326797395620915 0.0196078441372549 0.0261437918496732 0.0196078441372549 0.0392156872745098 0.640522876816993
0.0110497247569061 0.0124309402265193 0.0220994485138122 0.0262430949226519 0.0303867413314917 0.0400552496187845 0.0649171280718232 0.0649171280718232 0.0856353601160221 0.0897790065248619 0.0953038684033149 0.0953038684033149 0.0980662993425414 0.0828729291767956 0.0994475148121547 0.0814917137071823
0.00775193898449612 0.0387596909224806 0.0155038769689922 0.0310077529379845 0.0155038769689922 0.0155038769689922 0.0310077529379845 0.0232558149534884 0.0155038769689922 0.0310077529379845 0.000000001 0.0155038769689922 0.00775193898449612 0.00775193898449612 0.00775193898449612 0.736434109527132
0.0518731998472622 0.053314122037464 0.0561959664178674 0.0634005773688761 0.0576368886080692 0.0605187329884726 0.0634005773688761 0.0677233439394813 0.0677233439394813 0.0662824217492795 0.0662824217492795 0.0662824217492795 0.0662824217492795 0.0720461105100865 0.0662824217492795 0.0547550442276657
0.751937985496124 0.0155038769689922 0.0232558149534884 0.0310077529379845 0.0155038769689922 0.0155038769689922 0.0232558149534884 0.0232558149534884 0.0155038769689922 0.0155038769689922 0.00775193898449612 0.0232558149534884 0.0232558149534884 0.0155038769689922 0.000000001 0.000000001
0.000000001 0.000000001 0.000000001 0.000000001 0.000000001 0.000000001 0.000000001 0.000000001 0.000000001 0.000000001 0.000000001 0.000000001 0.000000001 0.000000001 0.000000001 1.000000001
0.0634081912245707 0.0634081912245707 0.0634081912245707 0.0634081912245707 0.0634081912245707 0.0620871872615588 0.0620871872615588 0.0620871872615588 0.0634081912245707 0.0607661832985469 0.0620871872615588 0.0607661832985469 0.0620871872615588 0.0620871872615588 0.0620871872615588 0.0634081912245707
0.0606508885739645 0.0636094684556213 0.0650887583964497 0.0650887583964497 0.0665680483372781 0.0636094684556213 0.0606508885739645 0.0621301785147929 0.0636094684556213 0.0621301785147929 0.0621301785147929 0.0606508885739645 0.0636094684556213 0.0621301785147929 0.0591715986331361 0.0591715986331361
1.000000001 0.000000001 0.000000001 0.000000001 0.000000001 0.000000001 0.000000001 0.000000001 0.000000001 0.000000001 0.000000001 0.000000001 0.000000001 0.000000001 0.000000001 0.000000001
0.0029806269314456 0.0104321917600596 0.0193740695543964 0.0268256343830104 0.0357675121773472 0.0447093899716841 0.0536512677660209 0.0611028325946349 0.0685543974232489 0.0760059622518629 0.0864381530119225 0.0909090919090909 0.0968703437719821 0.102831595634873 0.108792847497765 0.114754099360656
0.00886076049367089 0.0139240516329114 0.0253164566962025 0.0367088617594937 0.0518987351772152 0.0632911402405063 0.0734177225189873 0.0810126592278481 0.0822784820126582 0.0860759503670886 0.0835443047974684 0.0822784820126582 0.0848101275822785 0.0848101275822785 0.079746836443038 0.0620253174556962
0.0101522852639594 0.0126903563299492 0.0304568537918782 0.0203045695279188 0.0431472091218274 0.0203045695279188 0.0380710669898477 0.0380710669898477 0.0406091380558376 0.0456852801878173 0.0583756355177665 0.0710659908477157 0.0812182751116751 0.126903554299492 0.15989847815736 0.203045686279188
0.00868306901736613 0.0159189590318379 0.0260492050520984 0.0347322730694645 0.040520985081042 0.0477568750955137 0.0520984091041968 0.0564399431128799 0.0665701891331404 0.0709117231418234 0.0767004351534009 0.0810419691620839 0.0911722151823444 0.0984081051968162 0.107091173214182 0.125904487251809
