0.0294117657058824 0.0220588245294118 0.0220588245294118 0.0220588245294118 0.0220588245294118 0.0147058833529412 0.0220588245294118 0.0294117657058824 0.0147058833529412 0.0147058833529412 0.00735294217647059 0.0220588245294118 0.0220588245294118 0.0147058833529412 0.00735294217647059 0.713235295117647
0.0607235152118863 0.0633074945400517 0.062015504875969 0.0607235152118863 0.062015504875969 0.062015504875969 0.062015504875969 0.0633074945400517 0.062015504875969 0.0633074945400517 0.062015504875969 0.0633074945400517 0.0633074945400517 0.0633074945400517 0.0633074945400517 0.0633074945400517
0.0139416993523447 0.0152091264752852 0.0342205333193916 0.0380228146882129 0.0430925231799747 0.0494296587946768 0.0595690757782003 0.0659062113929024 0.0709759198846641 0.0709759198846641 0.0798479097452472 0.0836501911140684 0.0874524724828897 0.0887198996058302 0.0925221809746515 0.106463879326996
0.0710306416685237 0.0668523686880223 0.0710306416685237 0.0584958227270195 0.0612813380473538 0.0571030650668524 0.0598885803871866 0.0598885803871866 0.0584958227270195 0.0612813380473538 0.0598885803871866 0.0598885803871866 0.0584958227270195 0.0612813380473538 0.0626740957075209 0.0724233993286908
0.024390244902439 0.00813008230081301 0.040650407504065 0.024390244902439 0.00813008230081301 0.000000001 0.016260163601626 0.00813008230081301 0.032520326203252 0.000000001 0.000000001 0.016260163601626 0.024390244902439 0.000000001 0.00813008230081301 0.788617887178862
0.0099009910990099 0.0334158425841584 0.0532178227821782 0.0631188128811881 0.0655940604059406 0.0668316841683168 0.0668316841683168 0.0680693079306931 0.0705445554554455 0.0705445554554455 0.0705445554554455 0.0705445554554455 0.073019802980198 0.0717821792178218 0.0742574267425743 0.0717821792178218
0.000000001 0.0666666676666667 0.0666666676666667 0.0666666676666667 0.0666666676666667 0.0666666676666667 0.0666666676666667 0.0666666676666667 0.0666666676666667 0.0666666676666667 0.0666666676666667 0.0666666676666667 0.0666666676666667 0.0666666676666667 0.0666666676666667 0.0666666676666667
0.0143884902086331 0.0191846532781775 0.0215827348129496 0.0311750609520384 0.0431654686258993 0.0431654686258993 0.0503597132302158 0.0407673870911271 0.0647482024388489 0.0695443655083933 0.0743405285779376 0.0863309362517986 0.0935251808561151 0.100719425460432 0.105515588529976 0.141486811551559
0.0586166481277843 0.0492379845873388 0.0504103175298945 0.0539273163575616 0.0539273163575616 0.0539273163575616 0.0539273163575616 0.0562719822426729 0.0586166481277843 0.0586166481277843 0.0621336469554514 0.0644783128405627 0.0679953116682298 0.0738569763810082 0.0832356399214537 0.100820634059789
0.000000001 0.000000001 0.000000001 0.000000001 0.000000001 0.000000001 0.000000001 0.000000001 0.000000001 0.000000001 0.000000001 0.000000001 0.0448717958717949 0.102564103564103 0.237179488179487 0.615384616384615
0.0609911064637865 0.0622617544942821 0.0622617544942821 0.0628970785095299 0.0628970785095299 0.0628970785095299 0.0616264304790343 0.0622617544942821 0.0622617544942821 0.0628970785095299 0.0628970785095299 0.0628970785095299 0.0628970785095299 0.0628970785095299 0.0628970785095299 0.0622617544942821
0.000000001 0.000000001 0.000000001 0.000000001 0.000000001 0.000000001 0.000000001 0.000000001 0.0420841693366733 0.0721442895771543 0.102204409817635 0.124248497993988 0.138276554106212 0.158316634266533 0.172344690378757 0.190380762523046
0.0156739821912226 0.0188087784294671 0.0219435746677116 0.0407523520971787 0.0595611295266458 0.0595611295266458 0.0532915370501567 0.0517241389310345 0.0626959257648903 0.0626959257648903 0.0626959257648903 0.0673981201222571 0.0815047031943574 0.0940438881473354 0.103448276862069 0.144200627959248
0.0959302335581395 0.0552325591395349 0.0348837219302326 0.0203488382093023 0.0145348847209302 0.00290697774418605 0.00581395448837209 0.00581395448837209 0.00872093123255814 0.00872093123255814 0.0145348847209302 0.0348837219302326 0.0872093033255814 0.13953488472093 0.206395349837209 0.26453488472093
0.000000001 0.00757575857575758 0.00757575857575758 0.0227272737272727 0.0151515161515152 0.0227272737272727 0.0151515161515152 0.0227272737272727 0.0227272737272727 0.0151515161515152 0.0227272737272727 0.0151515161515152 0.0151515161515152 0.0227272737272727 0.0303030313030303 0.742424243424242
0.000000001 0.0715317929075144 0.0715317929075144 0.0715317929075144 0.0715317929075144 0.0671965327919075 0.0679190761445087 0.0679190761445087 0.0657514460867052 0.0657514460867052 0.0664739894393064 0.0657514460867052 0.0657514460867052 0.0657514460867052 0.059971099265896 0.055635839150289
