0.0140350887192982 0.0105263167894737 0.0105263167894737 0.0105263167894737 0.00701754485964912 0.00701754485964912 0.00350877292982456 0.00701754485964912 0.0105263167894737 0.0105263167894737 0.0421052641578947 0.0701754395964912 0.105263158894737 0.154385965912281 0.217543860649123 0.319298246614035
0.000000001 0.0111731853575419 0.00931098796461825 0.0297951592867784 0.0335195540726257 0.031657356679702 0.0335195540726257 0.0409683436443203 0.0484171332160149 0.0633147123594041 0.0931098706461825 0.0949720680391061 0.109869647182495 0.124767226325885 0.124767226325885 0.150837989826816
0.0172043020752688 0.0236559149784946 0.0247311837956989 0.0333333343333333 0.0408602160537634 0.0505376354086021 0.0634408612150538 0.0688172053010753 0.0752688182043011 0.0774193558387097 0.078494624655914 0.0860215063763441 0.0881720440107527 0.0924731192795699 0.089247312827957 0.0903225816451613
0.00496688841721854 0.00662251755629139 0.0132450341125828 0.0314569546423841 0.0413907294768212 0.0529801334503311 0.0612582791456954 0.0728476831192053 0.0811258288145695 0.0745033122582782 0.076158941397351 0.0778145705364238 0.0811258288145695 0.0927152327880795 0.109271524178808 0.122516557291391
0.0222222232222222 0.0177777787777778 0.0355555565555556 0.0177777787777778 0.0266666676666667 0.00888888988888889 0.00888888988888889 0.0133333343333333 0.0177777787777778 0.0133333343333333 0.00888888988888889 0.0177777787777778 0.00444444544444444 0.00888888988888889 0.342222223222222 0.435555556555556
0.005000001 0.017500001 0.022500001 0.030000001 0.035000001 0.041250001 0.046250001 0.053750001 0.062500001 0.075000001 0.078750001 0.090000001 0.098750001 0.105000001 0.113750001 0.125000001
0.000000001 0.000000001 0.000000001 0.000000001 0.000000001 0.000000001 0.000000001 0.000000001 0.000000001 0.000000001 0.000000001 0.000000001 0.000000001 0.000000001 0.000000001 1.000000001
0.0472972982972973 0.0459459469459459 0.0459459469459459 0.0540540550540541 0.0567567577567568 0.0594594604594595 0.0635135145135135 0.0635135145135135 0.0662162172162162 0.0756756766756757 0.0797297307297297 0.0783783793783784 0.0716216226216216 0.0716216226216216 0.0702702712702703 0.050000001
0.000000001 0.0105401854532279 0.0131752315665349 0.0223978929631094 0.0316205543596838 0.0382081696429512 0.0487483540961792 0.0553359693794466 0.0671936768893281 0.0764163382859025 0.08300395356917 0.0948616610790514 0.104084322475626 0.115942029985507 0.118577076098814 0.119894599155468
0.00235849156603774 0.000000001 0.00235849156603774 0.000000001 0.00471698213207547 0.00235849156603774 0.000000001 0.00235849156603774 0.0731132085471698 0.0849056613773585 0.0919811330754717 0.108490567037736 0.125000001 0.134433963264151 0.155660378358491 0.212264151943396
0.000000001 0.000000001 0.000000001 0.0029806269314456 0.0014903139657228 0.0014903139657228 0.0253353214172876 0.0402384510745157 0.0596125196289121 0.0789865881833085 0.0968703437719821 0.117734725292101 0.132637854949329 0.147540984606557 0.147540984606557 0.147540984606557
0.0188323927137476 0.0169491535423729 0.0922787203973635 0.0941619595687382 0.0941619595687382 0.0922787203973635 0.0583804153126177 0.0583804153126177 0.0602636544839925 0.0602636544839925 0.0583804153126177 0.0564971761412429 0.0583804153126177 0.064030132826742 0.0602636544839925 0.0564971761412429
0.000000001 0.000000001 0.000000001 0.000000001 0.000000001 0.000000001 0.000000001 0.000000001 0.000000001 0.000000001 0.000000001 0.000000001 0.000000001 0.000000001 0.000000001 1.000000001
0.00670016850418761 0.016750419760469 0.0201005035125628 0.0268006710167504 0.0318257966448911 0.0385259641490787 0.0452261316532663 0.0536013410335008 0.0619765504137353 0.0703517597939698 0.0737018435460637 0.0837520948023451 0.0954773879346734 0.105527639190955 0.120603016075377 0.149078727968174
0.000000001 0.000000001 0.000000001 0.000000001 0.000000001 0.000000001 0.000000001 0.000000001 0.0273224053715847 0.0546448097431694 0.0819672141147541 0.10655737804918 0.147540984606557 0.185792350726776 0.234972678595628 0.16120218679235
0.100000001 0.100000001 0.050000001 0.050000001 0.000000001 0.000000001 0.150000001 0.050000001 0.000000001 0.050000001 0.100000001 0.100000001 0.100000001 0.050000001 0.050000001 0.050000001
0.00302114903625378 0.0211480372537764 0.0211480372537764 0.0241691852900302 0.0211480372537764 0.0211480372537764 0.0241691852900302 0.0302114813625378 0.0302114813625378 0.0392749254712991 0.0453172215438066 0.0574018136888218 0.0634441097613293 0.0694864058338369 0.244712991936556 0.283987916407855
0.00281294052180028 0.00843881956540084 0.0168776381308017 0.0267229264571027 0.0365682147834037 0.0421940938270042 0.0520393821533052 0.060478200718706 0.0675105495232067 0.0745428983277075 0.0815752471322082 0.0886075959367089 0.0970464145021097 0.105485233067511 0.113924051632911 0.125175809720113
0.0941644572334217 0.0888594174456233 0.0702917781883289 0.0636604784535809 0.0517241389310345 0.0424403193023873 0.0291777198328912 0.0305039797798408 0.0318302397267905 0.0384615394615385 0.0424403193023873 0.0450928391962865 0.0583554386657825 0.0862068975517241 0.104774536809019 0.122015916119363
0.00892857242857143 0.00744047719047619 0.0133928581428571 0.0178571438571429 0.0193452390952381 0.0282738105238095 0.0342261914761905 0.0401785724285714 0.0505952390952381 0.0580357152857143 0.0803571438571429 0.0982142867142857 0.132440477190476 0.135416667666667 0.135416667666667 0.139880953380952
0.000000001 0.000000001 0.00869565317391304 0.00869565317391304 0.00869565317391304 0.0173913053478261 0.0173913053478261 0.0173913053478261 0.00869565317391304 0.00869565317391304 0.00869565317391304 0.00869565317391304 0.0173913053478261 0.00869565317391304 0.000000001 0.860869566217391
0.0101214584898785 0.01417004148583 0.0161943329838057 0.0202429159797571 0.0283400819716599 0.034412956465587 0.0445344139554656 0.0566801629433198 0.0748987864251012 0.0910931184089069 0.0991902844008097 0.107287450392713 0.109311741890688 0.107287450392713 0.097165992902834 0.0890688269109312
