0.00495049604950495 0.0693069316930693 0.0685997181145686 0.0685997181145686 0.0664780773790665 0.0657708638005658 0.0650636502220651 0.0664780773790665 0.0671852909575672 0.0685997181145686 0.0657708638005658 0.0636492230650637 0.0650636502220651 0.0657708638005658 0.0643564366435644 0.0643564366435644
0.000000001 0.000000001 0.000000001 0.000000001 0.000000001 0.000000001 0.000000001 0.000000001 0.000000001 0.000000001 0.000000001 0.000000001 0.000000001 0.000000001 0.000000001 1.000000001
0.000734215390602056 0.0345080773582966 0.0345080773582966 0.0712187968883994 0.0719530112790015 0.0712187968883994 0.0726872256696035 0.0726872256696035 0.0726872256696035 0.0712187968883994 0.0712187968883994 0.0712187968883994 0.0690161537165932 0.0704845824977974 0.0719530112790015 0.0726872256696035
0.000000001 0.00943396326415094 0.00943396326415094 0.00943396326415094 0.000000001 0.00943396326415094 0.000000001 0.000000001 0.00943396326415094 0.00943396326415094 0.000000001 0.000000001 0.000000001 0.000000001 0.000000001 0.943396227415094
0.0162790707674419 0.0162790707674419 0.0302325591395349 0.0395348847209302 0.0441860475116279 0.0534883730930233 0.0558139544883721 0.0581395358837209 0.0627906986744186 0.0674418614651163 0.072093024255814 0.0813953498372093 0.0906976754186047 0.0976744196046512 0.102325582395349 0.111627907976744
0.0238095248095238 0.0158730168730159 0.0158730168730159 0.00793650893650794 0.0158730168730159 0.0158730168730159 0.0158730168730159 0.0158730168730159 0.00793650893650794 0.00793650893650794 0.000000001 0.00793650893650794 0.00793650893650794 0.0317460327460317 0.0158730168730159 0.793650794650794
0.014475272411339 0.117008444908323 0.117008444908323 0.104945718732207 0.0904704473208685 0.0784077211447527 0.0663449949686369 0.0566948140277443 0.0554885414101327 0.0494571783220748 0.0494571783220748 0.0458383604692401 0.0422195426164053 0.0398069973811822 0.037394452145959 0.0349819069107358
0.000000001 0.0666666676666667 0.0666666676666667 0.0666666676666667 0.0666666676666667 0.0666666676666667 0.0666666676666667 0.0666666676666667 0.0666666676666667 0.0666666676666667 0.0666666676666667 0.0666666676666667 0.0666666676666667 0.0666666676666667 0.0666666676666667 0.0666666676666667
0.00292611658156547 0.0687637171667886 0.0680321882713972 0.06949524606218 0.0709583038529627 0.0673006593760059 0.0687637171667886 0.0680321882713972 0.0680321882713972 0.0687637171667886 0.0680321882713972 0.0643745437944404 0.0614484282128749 0.0614484282128749 0.0607168993174835 0.0629114860036576
0.000000001 0.000000001 0.000000001 0.000000001 0.000000001 0.000000001 0.000000001 0.000000001 0.000000001 0.000000001 0.000000001 0.000000001 0.000000001 0.00952381052380952 0.0380952390952381 0.952380953380952
0.00143472122955524 0.00143472122955524 0.000000001 0.00143472122955524 0.00143472122955524 0.000000001 0.000000001 0.000000001 0.000000001 0.142037303725968 0.142037303725968 0.142037303725968 0.142037303725968 0.142037303725968 0.142037303725968 0.142037303725968
0.0106571946056838 0.0106571946056838 0.0142095924742451 0.019538189277087 0.0266429850142096 0.0337477807513321 0.0426287754227353 0.0515097700941385 0.0621669636998224 0.0746003562397868 0.08348135091119 0.0923623455825932 0.103019539188277 0.115452931728242 0.124333926399645 0.134991120005329
0.0436005635879044 0.0450070333488045 0.0478199728706048 0.0520393821533052 0.0576652611969058 0.0618846704796062 0.0632911402405063 0.0632911402405063 0.0675105495232067 0.0689170192841069 0.0689170192841069 0.0689170192841069 0.0717299588059072 0.0731364285668073 0.0731364285668073 0.0731364285668073
0.000000001 0.000000001 0.000000001 0.000000001 0.000000001 0.000000001 0.000000001 0.000000001 0.000000001 0.000000001 0.000000001 0.000000001 0.000000001 0.000000001 0.000000001 1.000000001
0.00909091009090909 0.0181818191818182 0.0181818191818182 0.0181818191818182 0.000000001 0.000000001 0.00909091009090909 0.00909091009090909 0.00909091009090909 0.000000001 0.000000001 0.000000001 0.000000001 0.000000001 0.000000001 0.909090910090909
0.0631313141313131 0.0631313141313131 0.062500001 0.062500001 0.062500001 0.062500001 0.062500001 0.062500001 0.0618686878686869 0.0618686878686869 0.062500001 0.062500001 0.062500001 0.062500001 0.062500001 0.062500001
0.00338983150847458 0.109604520774011 0.0926553682316384 0.0779661026949152 0.0711864416779661 0.0734463286836158 0.0666666676666667 0.0542372891355932 0.0531073456327684 0.0553672326384181 0.0553672326384181 0.0564971761412429 0.0564971761412429 0.0531073456327684 0.0621468936553672 0.0587570631468927
0.00769230869230769 0.00769230869230769 0.0153846163846154 0.0153846163846154 0.0153846163846154 0.0153846163846154 0.0153846163846154 0.0230769240769231 0.0153846163846154 0.0153846163846154 0.0307692317692308 0.0307692317692308 0.0153846163846154 0.0153846163846154 0.00769230869230769 0.753846154846154
0.00490196178431373 0.00490196178431373 0.00980392256862745 0.00980392256862745 0.00980392256862745 0.00980392256862745 0.00490196178431373 0.0147058833529412 0.0245098049215686 0.0441176480588235 0.0686274519803922 0.0931372559019608 0.0980392166862745 0.0980392166862745 0.0980392166862745 0.406862746098039
0.00862069065517241 0.0172413803103448 0.00862069065517241 0.000000001 0.000000001 0.000000001 0.00862069065517241 0.0172413803103448 0.0172413803103448 0.00862069065517241 0.000000001 0.00862069065517241 0.000000001 0.0689655182413793 0.0862068975517241 0.750000001
0.000000001 0.000000001 0.000000001 0.000000001 0.000000001 0.000000001 0.000000001 0.000000001 0.000000001 0.00819672231147541 0.000000001 0.000000001 0.000000001 0.000000001 0.172131148540984 0.819672132147541
0.000000001 0.0143884902086331 0.0227817755803357 0.0311750609520384 0.0383693055563549 0.0419664278585132 0.0479616316954436 0.0575539578345324 0.0707434062757794 0.079136691647482 0.0875299770191846 0.0983213439256595 0.0959232623908873 0.0971223031582734 0.0971223031582734 0.119904077738609
0.000000001 0.000000001 0.000000001 0.000000001 0.000000001 0.000000001 0.000000001 0.000000001 0.000000001 0.000000001 0.000000001 0.000000001 0.000000001 0.000000001 0.000000001 1.000000001
