0.000000001 0.000000001 0.000000001 0.000000001 0.000000001 0.000000001 0.000000001 0.000000001 0.000000001 0.000000001 0.000000001 0.000000001 0.000000001 0.000000001 0.000000001 1.000000001
0.000000001 0.000000001 0.000000001 0.000000001 0.000000001 0.000000001 0.000000001 0.000000001 0.000000001 0.000000001 0.000000001 0.000000001 0.000000001 0.000000001 0.000000001 1.000000001
0.000683527999316473 0.0683527009316473 0.0676691739323308 0.0669856469330144 0.0663021199336979 0.0669856469330144 0.0663021199336979 0.0663021199336979 0.0669856469330144 0.0676691739323308 0.0676691739323308 0.0669856469330144 0.0656185929343814 0.0649350659350649 0.0642515389357485 0.0663021199336979
0.0156521749130435 0.0817391314347826 0.0852173923043478 0.0765217401304348 0.0765217401304348 0.0591304357826087 0.0695652183913043 0.0539130444782609 0.0678260879565217 0.0626086966521739 0.0643478270869565 0.0591304357826087 0.0591304357826087 0.0521739140434783 0.0556521749130435 0.0608695662173913
0.826446281991736 0.000000001 0.00826446380991736 0.000000001 0.000000001 0.00826446380991736 0.00826446380991736 0.0165289266198347 0.0247933894297521 0.0165289266198347 0.0165289266198347 0.000000001 0.0165289266198347 0.0165289266198347 0.0165289266198347 0.0247933894297521
0.00482703237570394 0.0748189873234111 0.0732099768648431 0.0716009664062751 0.0699919559477072 0.0691874507184232 0.0675784402598552 0.0667739350305712 0.0659694298012872 0.0651649245720032 0.0635559141134352 0.0627514088841512 0.0619469036548673 0.0619469036548673 0.0611423984255833 0.0595333879670153
0.000000001 0.000000001 0.000000001 0.000000001 0.000000001 0.000000001 0.00826446380991736 0.00826446380991736 0.00826446380991736 0.00826446380991736 0.00826446380991736 0.00826446380991736 0.00826446380991736 0.0165289266198347 0.0991735547190083 0.826446281991736
0.0116731527509728 0.0272373550856031 0.0311284056692607 0.0350194562529183 0.0428015574202335 0.0440985742814527 0.0492866417263294 0.059662776616083 0.0635538271997406 0.0765239958119325 0.0830090801180285 0.0856031138404669 0.0894941644241245 0.0933852150077821 0.0998702993138781 0.107652400481193
0.000000001 0.0666666676666667 0.0666666676666667 0.0666666676666667 0.0666666676666667 0.0666666676666667 0.0666666676666667 0.0666666676666667 0.0666666676666667 0.0666666676666667 0.0666666676666667 0.0666666676666667 0.0666666676666667 0.0666666676666667 0.0666666676666667 0.0666666676666667
0.0185758523931889 0.0247678028575851 0.0278637780897833 0.0247678028575851 0.0278637780897833 0.0278637780897833 0.0278637780897833 0.0402476790185759 0.0526315799473684 0.0681114561083591 0.0897832827337461 0.0959752331981424 0.108359134126935 0.120743035055728 0.123839010287926 0.120743035055728
0.0256410266410256 0.0256410266410256 0.0256410266410256 0.0256410266410256 0.0256410266410256 0.0256410266410256 0.0256410266410256 0.0256410266410256 0.0256410266410256 0.0256410266410256 0.0256410266410256 0.0256410266410256 0.0256410266410256 0.0256410266410256 0.0256410266410256 0.615384616384615
0.0368098169509202 0.0429447862760736 0.0184049089754601 0.0245398783006135 0.0306748476257669 0.0306748476257669 0.0184049089754601 0.0245398783006135 0.0184049089754601 0.0184049089754601 0.0368098169509202 0.0306748476257669 0.0245398783006135 0.0184049089754601 0.0306748476257669 0.595092025539877
0.31390134629148 0.0986547095201794 0.103139014452915 0.0134529157982063 0.00448430593273543 0.00448430593273543 0.00448430593273543 0.00448430593273543 0.00448430593273543 0.00448430593273543 0.000000001 0.00448430593273543 0.00448430593273543 0.0582959651255605 0.0672645749910314 0.309417041358744
0.0149925047481259 0.0749625197406297 0.0727136441784108 0.0719640189910045 0.0697151434287856 0.0689655182413793 0.068215893053973 0.0667166426791604 0.0659670174917541 0.0644677671169415 0.0644677671169415 0.0629685167421289 0.0614692663673163 0.0592203908050975 0.0569715152428786 0.0562218900554723
0.000000001 0.00900901000900901 0.00900901000900901 0.018018019018018 0.018018019018018 0.000000001 0.000000001 0.000000001 0.00900901000900901 0.00900901000900901 0.000000001 0.00900901000900901 0.00900901000900901 0.00900901000900901 0.00900901000900901 0.891891892891892
0.00670241386863271 0.0120643441635389 0.0227882047533512 0.0335120653431635 0.0509383388016086 0.0589812342439678 0.0670241296863271 0.0697050948337802 0.0710455774075067 0.0804289554235925 0.0911528160134048 0.0991957114557641 0.105898124324397 0.0924932985871314 0.0764075077024129 0.0616621993914209
