0.000000001 0.0087719308245614 0.0175438606491228 0.0087719308245614 0.0087719308245614 0.0087719308245614 0.0087719308245614 0.0087719308245614 0.0087719308245614 0.0087719308245614 0.0087719308245614 0.0087719308245614 0.0087719308245614 0.0087719308245614 0.0087719308245614 0.868421053631579
0.0664010634169987 0.0624169996719788 0.0624169996719788 0.0610889784236388 0.0610889784236388 0.0624169996719788 0.0624169996719788 0.0624169996719788 0.0624169996719788 0.0637450209203187 0.0624169996719788 0.0624169996719788 0.0624169996719788 0.0610889784236388 0.0624169996719788 0.0624169996719788
0.00443131562333826 0.0701624825361891 0.069423930098966 0.0657311679128508 0.0672082727872969 0.069423930098966 0.0664697203500739 0.0620384057267356 0.0679468252245199 0.0679468252245199 0.0605613008522895 0.0679468252245199 0.0657311679128508 0.0635155106011817 0.0649926154756278 0.0664697203500739
0.0414551617445008 0.0465313038764805 0.0532994933857868 0.0566835881404399 0.0592216592064298 0.0626057539610829 0.065989848715736 0.0676818960930626 0.0676818960930626 0.0702199671590524 0.0710659908477157 0.0710659908477157 0.0710659908477157 0.0685279197817259 0.065989848715736 0.0609137065837563
0.0673981201222571 0.0658307220031348 0.0783699069561129 0.0564263332884012 0.0658307220031348 0.061128527645768 0.0658307220031348 0.0736677125987461 0.0783699069561129 0.0893416937899686 0.0579937314075235 0.0391849539780564 0.0282131671442006 0.0282131671442006 0.0595611295266458 0.0846394994326019
0.000000001 0.0066335001708126 0.0099502497562189 0.0199004985124378 0.0248756228905473 0.0315091220613599 0.0381426212321725 0.0480928699883914 0.0597014935373134 0.0796019910497512 0.0829187406351575 0.0912106145986733 0.102819238147595 0.122719735660033 0.135986734001658 0.145936982757877
0.061307902907357 0.061307902907357 0.0599455050871935 0.061307902907357 0.055858311626703 0.05858310726703 0.0626703007275204 0.061307902907357 0.05858310726703 0.0626703007275204 0.0653950963678474 0.0626703007275204 0.0640326985476839 0.0667574941880109 0.0681198920081744 0.0694822898283379
0.0376623386623377 0.100000001 0.087012988012987 0.0818181828181818 0.0792207802207792 0.0766233776233766 0.0714285724285714 0.0662337672337662 0.0584415594415584 0.0558441568441558 0.0532467542467532 0.0558441568441558 0.0506493516493507 0.0454545464545454 0.0428571438571429 0.0376623386623377
0.000000001 0.0666666676666667 0.0666666676666667 0.0666666676666667 0.0666666676666667 0.0666666676666667 0.0666666676666667 0.0666666676666667 0.0666666676666667 0.0666666676666667 0.0666666676666667 0.0666666676666667 0.0666666676666667 0.0666666676666667 0.0666666676666667 0.0666666676666667
0.031413613565445 0.031413613565445 0.031413613565445 0.031413613565445 0.031413613565445 0.031413613565445 0.031413613565445 0.031413613565445 0.031413613565445 0.031413613565445 0.031413613565445 0.031413613565445 0.031413613565445 0.031413613565445 0.0366492156596859 0.523560210424084
0.000000001 0.00743494523791822 0.00929368129739777 0.0111524173568773 0.0185873615947955 0.0223048337137546 0.0260223058327138 0.033457250070632 0.0390334582490706 0.0539033467249071 0.0687732352007435 0.087360595795539 0.117100372747212 0.148698885758364 0.171003718472119 0.185873606947955
0.0115473451108545 0.0207852203995381 0.0207852203995381 0.0115473451108545 0.0184757515773672 0.0254041580438799 0.0184757515773672 0.0277136268660508 0.0554272527321016 0.0623556591986143 0.0762124721316397 0.0900692850646651 0.108545035642032 0.122401848575058 0.140877599152425 0.189376444418014
0.102564103564103 0.15954416054416 0.227920228920228 0.193732194732194 0.125356126356125 0.0911680921680912 0.0541310551310541 0.0313390323390313 0.0142450152450142 0.000000001 0.000000001 0.000000001 0.000000001 0.000000001 0.000000001 0.000000001
0.062500001 0.0618622458979592 0.0618622458979592 0.0618622458979592 0.0618622458979592 0.062500001 0.062500001 0.0631377561020408 0.062500001 0.062500001 0.062500001 0.062500001 0.0637755112040816 0.062500001 0.062500001 0.0631377561020408
0.00166251139068994 0.0806317549484622 0.0814630101438071 0.0806317549484622 0.0814630101438071 0.0831255205344971 0.0781379893624273 0.0689941822136326 0.0590191198694929 0.057356609478803 0.0556940990881131 0.0556940990881131 0.0556940990881131 0.0540315886974231 0.0540315886974231 0.0523690783067332
0.0368271964674221 0.0424929188470255 0.0495750718215297 0.0580736553909348 0.0665722389603399 0.0764872531246459 0.0878186978838527 0.104815865022663 0.0949008508583569 0.084985836694051 0.0722379613399433 0.0623229471756374 0.0552407942011331 0.0467422106317281 0.0354107658725212 0.0254957517082153
0.000000001 0.0150753778844221 0.0263819105477387 0.0351758803969849 0.042713568839196 0.0477386944673367 0.0540201015025126 0.0603015085376884 0.0665829155728643 0.0728643226080402 0.0791457296432161 0.0841708552713568 0.092964825120603 0.100502513562814 0.10678392059799 0.115577890447236
0.0551090710344432 0.0757749722973594 0.0838117116773823 0.0907003454316877 0.0941446623088404 0.0907003454316877 0.0815155004259472 0.0700344441687715 0.0631458104144661 0.0562571766601607 0.0516647541572905 0.0482204372801378 0.0390355922743972 0.0309988528943743 0.0321469585200918 0.0367393810229621
0.000000001 0.000000001 0.000000001 0.036222510702458 0.0491591213104786 0.0608020708576973 0.0789133257089263 0.0983182416209573 0.108667530107374 0.0957309194993532 0.0827943088913325 0.0646830540401035 0.0724450204049159 0.0789133257089263 0.0840879699521345 0.0892626141953428
0.00732600832600733 0.0915750925750916 0.0860805870805861 0.0824175834175824 0.0805860815860806 0.0778388288388278 0.076007327007326 0.0741758251758242 0.0705128215128205 0.0668498178498168 0.0641025651025641 0.0586080596080586 0.0531135541135531 0.043040294040293 0.0375457885457875 0.0302197812197802
0.007812501 0.023437501 0.023437501 0.023437501 0.015625001 0.015625001 0.015625001 0.015625001 0.023437501 0.023437501 0.015625001 0.000000001 0.007812501 0.007812501 0.007812501 0.773437501
0.037037038037037 0.037037038037037 0.0467836267309941 0.050682262208577 0.0565302154249513 0.0701754395964912 0.0721247573352826 0.0721247573352826 0.0721247573352826 0.0721247573352826 0.0682261218576998 0.0701754395964912 0.0721247573352826 0.0662768041189084 0.0662768041189084 0.0701754395964912
0.0451127829548872 0.0590762630837809 0.0730397432126745 0.0708915155005371 0.0773361986369495 0.083780881773362 0.083780881773362 0.0891514510537057 0.0870032233415682 0.0827067679172932 0.0708915155005371 0.0612244907959184 0.0494092383791622 0.0365198721063373 0.0247046196895811 0.00537057028034372
0.0657051292051282 0.104166667666667 0.102564103564103 0.0865384625384615 0.0849358984358974 0.0689102574102564 0.0641025651025641 0.0657051292051282 0.0544871804871795 0.0512820522820513 0.0496794881794872 0.046474359974359 0.0432692317692308 0.0416666676666667 0.0400641035641026 0.0304487189487179
0.0464516139032258 0.0464516139032258 0.0451612913225806 0.0438709687419355 0.0464516139032258 0.0503225816451613 0.0529032268064516 0.0580645171290323 0.0619354848709677 0.0670967751935484 0.072258065516129 0.0748387106774193 0.0787096784193548 0.0812903235806452 0.0864516139032258 0.087741936483871
