1.000000001 0.000000001 0.000000001 0.000000001 0.000000001 0.000000001 0.000000001 0.000000001 0.000000001 0.000000001 0.000000001 0.000000001 0.000000001 0.000000001 0.000000001 0.000000001
0.000000001 0.000000001 0.000000001 0.000000001 0.000000001 0.000000001 0.000000001 0.000000001 0.000000001 0.000000001 0.000000001 0.000000001 0.000000001 0.000000001 0.000000001 1.000000001
0.0157068072827225 0.0104712051884817 0.0157068072827225 0.0157068072827225 0.031413613565445 0.0104712051884817 0.0157068072827225 0.0157068072827225 0.0157068072827225 0.0157068072827225 0.0104712051884817 0.0104712051884817 0.0157068072827225 0.0157068072827225 0.272251309900524 0.513089006235602
0.0621336469554514 0.0668229787256741 0.0679953116682298 0.0726846434384525 0.0726846434384525 0.0762016422661196 0.0738569763810082 0.0715123104958968 0.0679953116682298 0.0621336469554514 0.05978898107034 0.0527549834150059 0.0527549834150059 0.0492379845873388 0.0457209857596717 0.0457209857596717
0.0626631863785901 0.0626631863785901 0.0626631863785901 0.0639686694073107 0.0652741524360313 0.0652741524360313 0.0626631863785901 0.0626631863785901 0.0600522203211488 0.0600522203211488 0.0600522203211488 0.0574412542637076 0.0574412542637076 0.0574412542637076 0.0626631863785901 0.077023499694517
0.0168453302496172 0.0612557437258806 0.0735068922710567 0.0643185308621746 0.0750382858392037 0.0612557437258806 0.0735068922710567 0.0627871372940276 0.0719754987029096 0.0581929565895865 0.0704441051347626 0.0597243501577335 0.0673813179984686 0.0581929565895865 0.0643185308621746 0.0612557437258806
0.000000001 0.000000001 0.000000001 0.000000001 0.000000001 0.000000001 0.000000001 0.000000001 0.000000001 0.000000001 0.000000001 0.000000001 0.000000001 0.000000001 0.000000001 1.000000001
0.000000001 0.00945626577541371 0.0141843981631206 0.0189125305508274 0.0283687953262411 0.0354609939078014 0.0401891262955083 0.0425531924893617 0.049645391070922 0.0614657220401891 0.0756501192033097 0.0898345163664303 0.108747045917258 0.125295509274232 0.139479906437352 0.160756502182033
0.00229357898165138 0.000000001 0.000000001 0.000000001 0.000000001 0.000000001 0.000000001 0.000000001 0.000000001 0.0252293587981651 0.0619266065045872 0.0963302762293578 0.13302752393578 0.227064221183486 0.227064221183486 0.227064221183486
0.024390244902439 0.0341463424634146 0.040650407504065 0.0455284562845528 0.0585365863658537 0.0585365863658537 0.0634146351463415 0.0650406514065041 0.0682926839268293 0.0682926839268293 0.0699187001869919 0.0731707327073171 0.0747967489674797 0.0764227652276423 0.0878048790487805 0.0910569115691057
0.0623013360286078 0.0623013360286078 0.0623013360286078 0.0623013360286078 0.0623013360286078 0.0623013360286078 0.0623013360286078 0.0623013360286078 0.0623013360286078 0.0623013360286078 0.0629370639370629 0.0629370639370629 0.0629370639370629 0.0629370639370629 0.0629370639370629 0.0623013360286078
0.0254777080063694 0.0254777080063694 0.0254777080063694 0.0254777080063694 0.0254777080063694 0.0254777080063694 0.0254777080063694 0.0254777080063694 0.0254777080063694 0.0254777080063694 0.0254777080063694 0.0254777080063694 0.0254777080063694 0.0254777080063694 0.0254777080063694 0.617834395904459
0.0102189791021898 0.018978103189781 0.0306569353065693 0.0394160593941606 0.0510948915109489 0.0642335776423358 0.0759124097591241 0.0861313878613139 0.0992700739927007 0.113868614138686 0.122627738226277 0.089051095890511 0.0715328477153285 0.0569343075693431 0.0452554754525547 0.0248175192481752
0.000000001 0.0666666676666667 0.0666666676666667 0.0666666676666667 0.0666666676666667 0.0666666676666667 0.000000001 0.0666666676666667 0.133333334333333 0.0666666676666667 0.0666666676666667 0.0666666676666667 0.0666666676666667 0.0666666676666667 0.0666666676666667 0.0666666676666667
0.106534091909091 0.0980113646363636 0.093750001 0.0909090919090909 0.0866477282727273 0.0823863646363636 0.0767045464545455 0.0681818191818182 0.062500001 0.0582386373636364 0.0511363646363636 0.0426136373636364 0.0340909100909091 0.0241477282727273 0.015625001 0.00852272827272727
0.0169082135603865 0.0531400976183575 0.0519323681497585 0.0531400976183575 0.0543478270869565 0.0555555565555556 0.0567632860241546 0.0579710154927536 0.0603864744299517 0.0640096628357488 0.0676328512415459 0.072463769115942 0.0760869575217391 0.0821256048647343 0.0869565227391304 0.0905797111449275
0.301948052948052 0.26948052048052 0.230519481519481 0.198051949051948 0.000000001 0.000000001 0.000000001 0.000000001 0.000000001 0.000000001 0.000000001 0.000000001 0.000000001 0.000000001 0.000000001 0.000000001
0.000000001 0.000000001 0.0087719308245614 0.0175438606491228 0.0175438606491228 0.0175438606491228 0.0087719308245614 0.0087719308245614 0.0087719308245614 0.0087719308245614 0.0087719308245614 0.0087719308245614 0.000000001 0.0087719308245614 0.0087719308245614 0.868421053631579
0.0072289166626506 0.0120481937710843 0.0144578323253012 0.0216867479879518 0.0313253022048193 0.0385542178674699 0.0433734949759036 0.0506024106385542 0.0578313263012048 0.0650602419638554 0.072289157626506 0.0771084347349398 0.0819277118433735 0.0939759046144578 0.108433735939759 0.224096386542169
