0.0075187979924812 0.0225563919774436 0.0225563919774436 0.0150375949849624 0.0225563919774436 0.0150375949849624 0.0225563919774436 0.0075187979924812 0.0225563919774436 0.0300751889699248 0.0150375949849624 0.0150375949849624 0.0150375949849624 0.0150375949849624 0.0150375949849624 0.736842106263158
0.0170940180940171 0.0256410266410256 0.0256410266410256 0.00854700954700855 0.00854700954700855 0.00854700954700855 0.000000001 0.000000001 0.000000001 0.0341880351880342 0.00854700954700855 0.00854700954700855 0.00854700954700855 0.00854700954700855 0.000000001 0.837606838606838
0.00384024677572965 0.0737327198940092 0.0729646707388633 0.0752688182043011 0.076036867359447 0.076036867359447 0.0706605232734255 0.0691244249631336 0.0660522283425499 0.0622119825668203 0.0606758842565284 0.0614439334116744 0.0583717367910906 0.0583717367910906 0.0583717367910906 0.0568356384807988
0.0508474586271186 0.057909605519774 0.0522598880056497 0.0593220348983051 0.0635593230338983 0.0635593230338983 0.0663841817909605 0.0663841817909605 0.0663841817909605 0.0649717524124294 0.0649717524124294 0.0663841817909605 0.0677966111694915 0.0663841817909605 0.0649717524124294 0.057909605519774
0.00515464017525773 0.077319588628866 0.0756013755704467 0.0747422690412371 0.0747422690412371 0.0730240559828179 0.0713058429243986 0.0687285233367698 0.0661512037491409 0.0644329906907216 0.0618556711030928 0.0601374580446735 0.0584192449862543 0.0584192449862543 0.0558419253986254 0.0541237123402062
0.0634081912245707 0.0634081912245707 0.0634081912245707 0.0634081912245707 0.0634081912245707 0.0620871872615588 0.0620871872615588 0.0620871872615588 0.0620871872615588 0.0620871872615588 0.0620871872615588 0.0620871872615588 0.0620871872615588 0.0620871872615588 0.0620871872615588 0.0620871872615588
0.000000001 0.00869565317391304 0.00869565317391304 0.0173913053478261 0.00869565317391304 0.00869565317391304 0.00869565317391304 0.0173913053478261 0.00869565317391304 0.00869565317391304 0.00869565317391304 0.00869565317391304 0.00869565317391304 0.00869565317391304 0.000000001 0.869565218391304
0.0617608419986859 0.0617608419986859 0.0630749024454665 0.0630749024454665 0.0630749024454665 0.0630749024454665 0.0630749024454665 0.0630749024454665 0.0630749024454665 0.0617608419986859 0.0630749024454665 0.0630749024454665 0.0617608419986859 0.0617608419986859 0.0617608419986859 0.0617608419986859
0.0116504864368932 0.0174757291553398 0.0233009718737864 0.0330097097378641 0.0427184476019417 0.0524271854660194 0.0640776709029126 0.0737864087669903 0.0912621369223301 0.087378641776699 0.0854368942038835 0.083495146631068 0.083495146631068 0.0854368942038835 0.087378641776699 0.0776699039126214
0.041994751656168 0.0603674550682415 0.0603674550682415 0.062992126984252 0.0800524944383202 0.0656167989002625 0.062992126984252 0.062992126984252 0.0616797910262467 0.062992126984252 0.062992126984252 0.0616797910262467 0.062992126984252 0.062992126984252 0.0616797910262467 0.0656167989002625
0.000000001 0.000000001 0.000000001 0.000000001 0.000000001 0.000000001 0.000000001 0.000000001 0.000000001 0.000000001 0.043750001 0.087500001 0.137500001 0.187500001 0.246875001 0.296875001
0.000000001 0.000000001 0.000000001 0.000000001 0.000000001 0.000000001 0.000000001 0.000000001 0.000000001 0.0293398543007335 0.0709046464767726 0.112469438652812 0.149144255278729 0.183374084129584 0.215158925205379 0.23960880295599
0.407079647017699 0.0707964611769911 0.0486725673716814 0.0486725673716814 0.0442477886106195 0.0442477886106195 0.0353982310884956 0.0309734523274336 0.0265486735663717 0.0309734523274336 0.0353982310884956 0.0309734523274336 0.0309734523274336 0.0353982310884956 0.0398230098495575 0.0398230098495575
0.0559523819523809 0.0547619057619048 0.0559523819523809 0.0559523819523809 0.0559523819523809 0.0571428581428571 0.0583333343333333 0.0607142867142857 0.0619047629047619 0.0630952390952381 0.0642857152857143 0.0654761914761905 0.069047620047619 0.0714285724285714 0.0738095248095238 0.0761904771904762
0.00763888988888889 0.0694444454444444 0.0694444454444444 0.068750001 0.068750001 0.0666666676666667 0.0659722232222222 0.0659722232222222 0.0652777787777778 0.0652777787777778 0.0652777787777778 0.0645833343333333 0.0645833343333333 0.0645833343333333 0.0638888898888889 0.0638888898888889
0.0132575767575758 0.0208333343333333 0.0265151525151515 0.0435606070606061 0.0492424252424242 0.0596590919090909 0.0643939403939394 0.071969697969697 0.0767045464545455 0.0785984858484848 0.0795454555454545 0.0785984858484848 0.0814393949393939 0.0852272737272727 0.0852272737272727 0.0852272737272727
0.000000001 0.00686948088223749 0.0529931315201178 0.0539744857890088 0.0578999028645731 0.0608439656712463 0.0637880284779195 0.0657507370157017 0.0716388626290481 0.0785083425112856 0.0775269882423945 0.0794896967801767 0.0794896967801767 0.0804710510490677 0.0794896967801767 0.0912659480068695
0.000000001 0.000000001 0.000000001 0.000000001 0.000000001 0.000000001 0.000000001 0.000000001 0.000000001 0.000000001 0.000000001 0.000000001 0.000000001 0.000000001 0.438202248191011 0.561797753808989
0.000000001 0.0154185032026432 0.0286343622334802 0.0550660802951542 0.0726872256696035 0.0947136573876652 0.112334802762115 0.134361234480176 0.110132159590308 0.105726873246696 0.0859030847004405 0.052863437123348 0.0484581507797357 0.0330396485770925 0.0286343622334802 0.0220264327180617
