0.000000001 0.000000001 0.000000001 0.000000001 0.000000001 0.000000001 0.000000001 0.000000001 0.000000001 0.000000001 0.000000001 0.000000001 0.000000001 0.000000001 0.000000001 1.000000001
0.156250001 0.125000001 0.093750001 0.125000001 0.125000001 0.125000001 0.062500001 0.031250001 0.031250001 0.031250001 0.031250001 0.031250001 0.000000001 0.000000001 0.031250001 0.000000001
0.0162337672337662 0.0275974035974026 0.0292207802207792 0.0292207802207792 0.0405844165844156 0.0438311698311688 0.0454545464545455 0.0487012997012987 0.0568181828181818 0.0762987022987013 0.0827922087922078 0.0827922087922078 0.0925324685324675 0.0925324685324675 0.108766234766234 0.126623377623377
1.000000001 0.000000001 0.000000001 0.000000001 0.000000001 0.000000001 0.000000001 0.000000001 0.000000001 0.000000001 0.000000001 0.000000001 0.000000001 0.000000001 0.000000001 0.000000001
0.000000001 0.0230769240769231 0.0153846163846154 0.0230769240769231 0.0153846163846154 0.0230769240769231 0.0230769240769231 0.0230769240769231 0.0307692317692308 0.00769230869230769 0.000000001 0.00769230869230769 0.0153846163846154 0.0153846163846154 0.0230769240769231 0.753846154846154
0.433628319584071 0.0132743372831858 0.0132743372831858 0.0221238948053097 0.0265486735663717 0.0176991160442478 0.0132743372831858 0.0132743372831858 0.0176991160442478 0.0309734523274336 0.0442477886106195 0.0619469036548673 0.0353982310884956 0.0353982310884956 0.0707964611769911 0.150442478876106
0.000000001 0.000000001 0.000000001 0.000000001 0.000000001 0.000000001 0.000000001 0.000000001 0.0326295595412668 0.0633397322859885 0.0921305192341651 0.126679463571977 0.155470250520154 0.163147793706334 0.178502880078695 0.18809980906142
0.000000001 0.0666666676666667 0.0666666676666667 0.0666666676666667 0.0666666676666667 0.0666666676666667 0.0666666676666667 0.0666666676666667 0.0666666676666667 0.0666666676666667 0.0666666676666667 0.0666666676666667 0.0666666676666667 0.0666666676666667 0.0666666676666667 0.0666666676666667
0.0129533688756477 0.0284974103264249 0.0362694310518135 0.0427461149896373 0.0582901564404145 0.0712435243160622 0.0738341978911917 0.0738341978911917 0.0751295346787565 0.0751295346787565 0.0751295346787565 0.0751295346787565 0.0764248714663212 0.0751295346787565 0.0751295346787565 0.0751295346787565
0.0634005773688761 0.0634005773688761 0.0634005773688761 0.0634005773688761 0.0634005773688761 0.0634005773688761 0.0619596551786744 0.0619596551786744 0.0619596551786744 0.0605187329884726 0.0619596551786744 0.0619596551786744 0.0619596551786744 0.0619596551786744 0.0619596551786744 0.0634005773688761
0.846153847153846 0.0170940180940171 0.00854700954700855 0.00854700954700855 0.00854700954700855 0.00854700954700855 0.00854700954700855 0.00854700954700855 0.00854700954700855 0.00854700954700855 0.0170940180940171 0.00854700954700855 0.00854700954700855 0.00854700954700855 0.0170940180940171 0.00854700954700855
0.00854700954700855 0.000000001 0.00854700954700855 0.00854700954700855 0.0170940180940171 0.00854700954700855 0.0256410266410256 0.0170940180940171 0.00854700954700855 0.000000001 0.00854700954700855 0.0170940180940171 0.000000001 0.00854700954700855 0.0170940180940171 0.846153847153846
1.000000001 0.000000001 0.000000001 0.000000001 0.000000001 0.000000001 0.000000001 0.000000001 0.000000001 0.000000001 0.000000001 0.000000001 0.000000001 0.000000001 0.000000001 0.000000001
0.0172413803103448 0.0172413803103448 0.0172413803103448 0.0172413803103448 0.0172413803103448 0.0172413803103448 0.0172413803103448 0.0172413803103448 0.0172413803103448 0.0172413803103448 0.021551725137931 0.0258620699655172 0.0344827596206897 0.0991379320344828 0.228448276862069 0.418103449275862
1.000000001 0.000000001 0.000000001 0.000000001 0.000000001 0.000000001 0.000000001 0.000000001 0.000000001 0.000000001 0.000000001 0.000000001 0.000000001 0.000000001 0.000000001 0.000000001
0.000000001 0.0179257372355954 0.0204865566978233 0.0243277858911652 0.0320102442778489 0.0473751610512164 0.0781049945979513 0.11651728653137 0.117797696262484 0.117797696262484 0.115236876800256 0.112676057338028 0.10371318922023 0.0960307308335467 0.000000001 0.000000001
0.000000001 0.125340600455041 0.111716622253406 0.0980926440517711 0.0871934614904632 0.0790190745694823 0.0817438702098093 0.0776566767493188 0.0667574941880109 0.05858310726703 0.053133515986376 0.0476839247057221 0.0408719356049046 0.0340599465040872 0.0272479574032698 0.0108991835613079
0.000000001 0.0799347481451876 0.0783034267748776 0.0774877660897227 0.0766721054045677 0.0734094626639478 0.0734094626639478 0.066068516497553 0.0619902130717781 0.0619902130717781 0.0619902130717781 0.0611745523866232 0.0595432310163132 0.0595432310163132 0.0579119096460033 0.0505709634796085
0.00643086916720257 0.00964630325080386 0.00964630325080386 0.0112540202926045 0.0144694543762058 0.0160771714180064 0.0176848884598071 0.0192926055016077 0.0418006440868167 0.0627009656302251 0.0868167212572347 0.128617364344051 0.135048232511254 0.141479100678457 0.146302251803859 0.152733119971061
