0.000000001 0.000000001 0.000000001 0.000000001 0.000000001 0.000000001 0.000000001 0.000000001 0.000000001 0.000000001 0.000000001 0.000000001 0.000000001 0.000000001 0.000000001 1.000000001
0.025000001 0.0166666676666667 0.000000001 0.00833333433333333 0.00833333433333333 0.0166666676666667 0.00833333433333333 0.000000001 0.0166666676666667 0.0166666676666667 0.00833333433333333 0.00833333433333333 0.0166666676666667 0.025000001 0.00833333433333333 0.816666667666667
0.00557103164066852 0.00278551632033426 0.011142062281337 0.0222841235626741 0.0222841235626741 0.0250696388830084 0.0222841235626741 0.0306406695236769 0.0334261848440111 0.0417827308050139 0.0445682461253482 0.0584958227270195 0.0724233993286908 0.0891364912506964 0.247910864509749 0.270194987072423
0.0763956914995103 0.0744368276405485 0.0724779637815867 0.0705190999226249 0.069539667993144 0.0675808041341822 0.0646425083457395 0.0607247806278159 0.059745348698335 0.059745348698335 0.059745348698335 0.0577864848393732 0.0577864848393732 0.0558276209804114 0.049951029403526 0.0430950058971597
0.000000001 0.0217391314347826 0.016304348826087 0.016304348826087 0.0217391314347826 0.0217391314347826 0.0326086966521739 0.0326086966521739 0.0434782618695652 0.0434782618695652 0.0434782618695652 0.0380434792608696 0.0380434792608696 0.0434782618695652 0.0434782618695652 0.543478261869565
0.0333333343333333 0.0936507946507937 0.080952381952381 0.0761904771904762 0.0698412708412698 0.0555555565555556 0.0555555565555556 0.0555555565555556 0.053968254968254 0.0555555565555556 0.0587301597301587 0.0619047629047619 0.0634920644920635 0.0603174613174603 0.0571428581428571 0.0682539692539683
0.00840336234453782 0.0168067236890756 0.0168067236890756 0.0168067236890756 0.0168067236890756 0.00840336234453782 0.00840336234453782 0.0168067236890756 0.00840336234453782 0.00840336234453782 0.0168067236890756 0.00840336234453782 0.00840336234453782 0.00840336234453782 0.00840336234453782 0.823529412764706
0.000000001 0.00904977475565611 0.0158371050723982 0.0158371050723982 0.0226244353891403 0.0248868788280543 0.0248868788280543 0.0271493222669683 0.0339366525837104 0.0588235304117647 0.0746606344841629 0.0904977385565611 0.117647059823529 0.14027149421267 0.15158371140724 0.192307693307692
0.000000001 0.000000001 0.000000001 0.0045662110456621 0.0045662110456621 0.0045662110456621 0.000000001 0.000000001 0.000000001 0.000000001 0.0045662110456621 0.000000001 0.0045662110456621 0.178082192780822 0.342465754424658 0.45662100556621
0.00436681322707424 0.0131004376812227 0.0203784580596798 0.0291120825138282 0.0349344988165939 0.0422125191950509 0.0538573518005822 0.0655021844061135 0.0713246007088792 0.0800582251630277 0.0829694333144105 0.0887918496171761 0.0975254740713246 0.101892286298399 0.104803494449782 0.109170306676856
0.00675024208003857 0.085824494731919 0.0819672141147541 0.0800385738061716 0.0800385738061716 0.077145613343298 0.0732883327261331 0.0694310521089682 0.0665380916460945 0.0626808110289296 0.0597878505660559 0.0568948901031823 0.0549662497945998 0.0511089691774349 0.0482160087145612 0.0453230482516876
0.00352112776056338 0.00352112776056338 0.00704225452112676 0.00704225452112676 0.0105633812816901 0.0105633812816901 0.0176056348028169 0.0246478883239437 0.0387323953661972 0.0528169024084507 0.0669014094507042 0.0880281700140845 0.102112677056338 0.119718310859155 0.144366198183099 0.302816902408451
0.0218579244972678 0.0218579244972678 0.0218579244972678 0.0218579244972678 0.0218579244972678 0.0218579244972678 0.0218579244972678 0.0218579244972678 0.0218579244972678 0.0218579244972678 0.0218579244972678 0.0218579244972678 0.0491803288688525 0.0601092906174863 0.0819672141147541 0.546448088431694
0.008000001 0.000000001 0.000000001 0.000000001 0.008000001 0.016000001 0.008000001 0.000000001 0.016000001 0.000000001 0.000000001 0.008000001 0.016000001 0.104000001 0.128000001 0.688000001
0.000000001 0.000000001 0.000000001 0.000000001 0.000000001 0.000000001 0.000000001 0.000000001 0.000000001 0.115062762506276 0.127615063761506 0.133891214389121 0.125523013552301 0.133891214389121 0.154811716481172 0.209205021920502
0.00854700954700855 0.00854700954700855 0.00854700954700855 0.00854700954700855 0.00854700954700855 0.00854700954700855 0.0170940180940171 0.00854700954700855 0.00854700954700855 0.00854700954700855 0.00854700954700855 0.0170940180940171 0.0170940180940171 0.00854700954700855 0.00854700954700855 0.846153847153846
0.000000001 0.000000001 0.000000001 0.000000001 0.000000001 0.000000001 0.000000001 0.000000001 0.000000001 0.000000001 0.000000001 0.000000001 0.000000001 0.000000001 0.000000001 1.000000001
0.00282485975706215 0.00282485975706215 0.00847457727118644 0.0112994360282486 0.0169491535423729 0.019774012299435 0.0225988710564972 0.0282485885706215 0.0310734473276836 0.0367231648418079 0.0395480235988701 0.0593220348983051 0.0847457637118644 0.115819210039548 0.251412430378531 0.268361582920904
