0.00255754575703325 0.0051150905140665 0.00767263527109974 0.0051150905140665 0.00767263527109974 0.0127877247851662 0.0230179038132992 0.0358056275984655 0.0485933513836317 0.0690537094398977 0.0818414332250639 0.0971867017672634 0.117647059823529 0.145780052150895 0.163682865450128 0.176470589235294
0.00126582378481013 0.113924051632911 0.10126582378481 0.0911392415063291 0.0835443047974684 0.0759493680886076 0.0734177225189873 0.0670886085949367 0.0658227858101266 0.0607594946708861 0.0582278491012658 0.0531645579620253 0.0455696212531645 0.0392405073291139 0.0367088617594937 0.0329113934050633
0.0583554386657825 0.0623342185066313 0.0623342185066313 0.0636604784535809 0.0623342185066313 0.0636604784535809 0.0636604784535809 0.0636604784535809 0.0636604784535809 0.0636604784535809 0.0623342185066313 0.0623342185066313 0.0623342185066313 0.0623342185066313 0.0610079585596817 0.0623342185066313
0.0101892295298399 0.024745270286754 0.024745270286754 0.0334788947409025 0.0363901028922853 0.0436681232707424 0.0465793314221252 0.0524017477248908 0.0596797681033479 0.0655021844061135 0.0858806414657933 0.0946142659199418 0.0975254740713246 0.107714702601164 0.106259098525473 0.110625910752547
0.0564174904217207 0.0620592393638928 0.0634696765994358 0.0620592393638928 0.0564174904217207 0.0578279276572638 0.0648801138349789 0.0550070531861777 0.0606488021283498 0.0662905510705219 0.0564174904217207 0.0606488021283498 0.0606488021283498 0.0620592393638928 0.077574048954866 0.077574048954866
0.00451127919548872 0.0180451137819549 0.0300751889699248 0.037593985962406 0.0406015047593985 0.0451127829548872 0.0496240611503759 0.0526315799473684 0.0631578957368421 0.0706766927293233 0.0766917303233083 0.0857142867142857 0.0902255649097744 0.0992481213007519 0.114285715285714 0.121804512278195
0.014400001 0.025600001 0.038400001 0.041600001 0.048000001 0.056000001 0.062400001 0.067200001 0.067200001 0.072000001 0.075200001 0.081600001 0.084800001 0.086400001 0.086400001 0.092800001
0.0332681027612524 0.0743639931722113 0.0753424667534247 0.0802348346594912 0.0694716252661448 0.0714285724285714 0.0694716252661448 0.0694716252661448 0.073385519590998 0.0616438366164384 0.0577299422915851 0.0577299422915851 0.0596868894540117 0.0489236800606654 0.050880627223092 0.0469667328982387
0.010937501 0.026562501 0.048437501 0.060937501 0.084375001 0.115625001 0.128125001 0.112500001 0.103125001 0.085937501 0.071875001 0.053125001 0.040625001 0.031250001 0.021875001 0.004687501
0.000000001 0.000000001 0.000000001 0.000000001 0.000000001 0.000000001 0.000000001 0.000000001 0.000000001 0.000000001 0.000000001 0.000000001 0.000000001 0.000000001 0.000000001 1.000000001
0.0848356319650053 0.0795334050296925 0.0784729596426299 0.0763520688685048 0.0731707327073171 0.0689289511590668 0.0657476149978791 0.0625662788366914 0.0593849426755037 0.056203606514316 0.0540827157401909 0.0530222703531283 0.0519618249660657 0.048780488804878 0.0455991526436903 0.0413573710954401
0.0720588245294118 0.0735294127647059 0.0720588245294118 0.0720588245294118 0.0705882362941176 0.0676470598235294 0.0661764715882353 0.0647058833529412 0.0632352951176471 0.0602941186470588 0.0588235304117647 0.0573529421764706 0.0529411774705882 0.0514705892352941 0.050000001 0.0470588245294118
0.0407643322101911 0.10828025577707 0.101910829025478 0.0942675169235669 0.0802547780700637 0.0751592366687898 0.0700636952675159 0.067515924566879 0.064968153866242 0.0585987271146497 0.0509554150127389 0.0445859882611465 0.0369426761592357 0.0356687908089172 0.0356687908089172 0.0343949054585987
1.000000001 0.000000001 0.000000001 0.000000001 0.000000001 0.000000001 0.000000001 0.000000001 0.000000001 0.000000001 0.000000001 0.000000001 0.000000001 0.000000001 0.000000001 0.000000001
0.0625814873102999 0.0625814873102999 0.0625814873102999 0.0625814873102999 0.0625814873102999 0.0625814873102999 0.0625814873102999 0.0625814873102999 0.061277706345502 0.0638852682750978 0.0625814873102999 0.0625814873102999 0.061277706345502 0.0625814873102999 0.061277706345502 0.0638852682750978
0.000000001 0.000000001 0.000000001 0.000000001 0.000000001 0.000000001 0.000000001 0.000000001 0.000000001 0.000000001 0.000000001 0.000000001 0.000000001 0.000000001 0.000000001 1.000000001
0.183279743765273 0.276527332189711 0.160771705180064 0.045016078170418 0.0321543418360129 0.0353697759196141 0.0321543418360129 0.0353697759196141 0.0385852100032154 0.0321543418360129 0.0257234736688103 0.022508039585209 0.0257234736688103 0.0192926055016077 0.0160771714180064 0.0192926055016077
0.00826446380991736 0.0165289266198347 0.0165289266198347 0.00826446380991736 0.0247933894297521 0.0165289266198347 0.0247933894297521 0.0247933894297521 0.0330578522396694 0.0247933894297521 0.00826446380991736 0.00826446380991736 0.0165289266198347 0.00826446380991736 0.00826446380991736 0.752066116702479
1.000000001 0.000000001 0.000000001 0.000000001 0.000000001 0.000000001 0.000000001 0.000000001 0.000000001 0.000000001 0.000000001 0.000000001 0.000000001 0.000000001 0.000000001 0.000000001
0.0467289729626168 0.0504672907196262 0.0560747673551402 0.0616822439906542 0.0635514028691589 0.0691588795046729 0.0728971972616823 0.0785046738971963 0.0803738327757009 0.0785046738971963 0.0710280383831776 0.0654205617476635 0.0579439262336449 0.0560747673551402 0.0504672907196262 0.0411214963271028
0.0477987431383648 0.0490566047735849 0.0490566047735849 0.050314466408805 0.050314466408805 0.0528301896792453 0.0540880513144654 0.0566037745849057 0.0591194978553459 0.0628930827610063 0.0654088060314465 0.0691823909371069 0.0729559758427673 0.0792452840188679 0.0880503154654088 0.0930817620062893
