0.0297462827147857 0.036745407824147 0.0446194235721785 0.0516185486815398 0.0586176737909011 0.0586176737909011 0.0673665801776028 0.0752405959256343 0.0743657052869641 0.073490814648294 0.0769903772029746 0.0769903772029746 0.0752405959256343 0.0699912520936133 0.0656167989002625 0.0647419082615923
0.00148148248148148 0.0177777787777778 0.0162962972962963 0.0177777787777778 0.0651851861851852 0.0637037047037037 0.0651851861851852 0.0874074084074074 0.0903703713703704 0.0888888898888889 0.0903703713703704 0.0874074084074074 0.0859259269259259 0.0755555565555556 0.0725925935925926 0.0740740750740741
0.0593325102707046 0.0605686042138443 0.0605686042138443 0.0618046981569839 0.0580964163275649 0.0605686042138443 0.0580964163275649 0.0618046981569839 0.0630407921001236 0.0642768860432633 0.0642768860432633 0.0630407921001236 0.0642768860432633 0.065512979986403 0.0667490739295427 0.0679851678726823
0.000000001 0.079428118553614 0.079428118553614 0.079428118553614 0.079428118553614 0.079428118553614 0.079428118553614 0.079428118553614 0.0730738691493249 0.068308182096108 0.0635424950428912 0.0571882456386021 0.0524225585853852 0.0484511527077045 0.0428911844789516 0.0381254974257347
0.0588235304117647 0.0588235304117647 0.0588235304117647 0.0588235304117647 0.0588235304117647 0.0588235304117647 0.0615595085239398 0.0601915194678523 0.0656634756922025 0.0656634756922025 0.0642954866361149 0.0629274975800274 0.0656634756922025 0.0683994538043776 0.0656634756922025 0.06703146474829
0.0253863144657837 0.0342163365408389 0.043046358615894 0.0529801334503311 0.0618101555253863 0.0640176610441501 0.0662251665629139 0.0728476831192053 0.0794701996754967 0.0849889634724062 0.0805739524348786 0.0750551886379691 0.0717439303598234 0.0673289193222958 0.0640176610441501 0.0562913917284768
0.0607734816629834 0.0635359126022099 0.0616942919760589 0.0635359126022099 0.0626151022891344 0.0626151022891344 0.0626151022891344 0.0626151022891344 0.0598526713499079 0.0616942919760589 0.0616942919760589 0.0635359126022099 0.0626151022891344 0.0644567229152855 0.0626151022891344 0.0635359126022099
0.0629011563273427 0.061617459279846 0.0629011563273427 0.0603337622323492 0.061617459279846 0.061617459279846 0.061617459279846 0.0629011563273427 0.0629011563273427 0.0629011563273427 0.061617459279846 0.0629011563273427 0.0641848533748395 0.0603337622323492 0.0654685504223363 0.0641848533748395
0.0590841959778434 0.0590841959778434 0.0590841959778434 0.0620384057267356 0.0620384057267356 0.0620384057267356 0.0620384057267356 0.0620384057267356 0.0620384057267356 0.0635155106011817 0.0635155106011817 0.0649926154756278 0.0649926154756278 0.0649926154756278 0.0649926154756278 0.0635155106011817
0.0987514198422247 0.094211124723042 0.0896708296038592 0.0862656082644722 0.0828603869250851 0.0771850180261067 0.0726447229069239 0.0703745753473326 0.0658342802281498 0.0590238375493757 0.0522133948706016 0.0476730997514188 0.039727583292849 0.0306469930544835 0.0204313290363224 0.0124858125777526
0.0623441406508728 0.0623441406508728 0.0623441406508728 0.0635910234438903 0.0623441406508728 0.0623441406508728 0.0623441406508728 0.0648379062369077 0.0635910234438903 0.0635910234438903 0.0623441406508728 0.0610972578578554 0.0610972578578554 0.0610972578578554 0.0623441406508728 0.0623441406508728
0.0620052780448549 0.0620052780448549 0.0620052780448549 0.0620052780448549 0.0646438004722955 0.0620052780448549 0.0620052780448549 0.0620052780448549 0.0620052780448549 0.0620052780448549 0.0620052780448549 0.0620052780448549 0.0633245392585752 0.0633245392585752 0.0633245392585752 0.0633245392585752
0.0776818752293465 0.0641183733797781 0.0567200996436498 0.0542540083982737 0.0591861908890259 0.0591861908890259 0.0665844646251541 0.0776818752293465 0.0789149208520345 0.0678175102478422 0.0480887802848335 0.0480887802848335 0.0505548715302096 0.0604192365117139 0.0653514190024661 0.0653514190024661
0.0607476645514019 0.0607476645514019 0.0607476645514019 0.0607476645514019 0.0607476645514019 0.0607476645514019 0.0619158888504673 0.0630841131495327 0.0630841131495327 0.0630841131495327 0.0630841131495327 0.0642523374485981 0.0642523374485981 0.0642523374485981 0.0642523374485981 0.0642523374485981
0.062500001 0.0555555565555556 0.0590277787777778 0.062500001 0.0590277787777778 0.0590277787777778 0.062500001 0.0590277787777778 0.062500001 0.0659722232222222 0.062500001 0.0590277787777778 0.0659722232222222 0.0729166676666667 0.0694444454444444 0.062500001
0.000000001 0.0311231403775372 0.047361300052774 0.0920162391596752 0.0920162391596752 0.087956699240866 0.0852503392949932 0.074424899511502 0.0595399198092016 0.0554803798903924 0.0527740199445196 0.0581867398362652 0.0622462797550744 0.0649526397009472 0.06765899964682 0.0690121796197564
0.0210526325789474 0.0631578957368421 0.0671052641578947 0.0657894746842105 0.0657894746842105 0.0657894746842105 0.0671052641578947 0.0671052641578947 0.0644736852105263 0.0631578957368421 0.0657894746842105 0.0631578957368421 0.0605263167894737 0.0671052641578947 0.0631578957368421 0.0697368431052632
0.00677201002934537 0.0135440190586907 0.0293453734604966 0.0519187368916479 0.0654627549503386 0.0835214456952596 0.101580136440181 0.110609481812641 0.119638827185102 0.106094809126411 0.090293454724605 0.0767494366659142 0.0609480822641084 0.0428893915191874 0.0293453734604966 0.0112866827155756
0.000000001 0.0232300894955752 0.0254424788761062 0.0298672576371681 0.0298672576371681 0.0276548682566372 0.084070797460177 0.081858408079646 0.081858408079646 0.0851769921504425 0.081858408079646 0.0851769921504425 0.086283186840708 0.0851769921504425 0.0918141602920354 0.100663717814159
0.0496894419937888 0.0507246386811594 0.0496894419937888 0.0496894419937888 0.0538302287432712 0.0590062121801242 0.0590062121801242 0.062111802242236 0.062111802242236 0.062111802242236 0.0683229823664596 0.0703933757412008 0.0755693591780538 0.0766045558654244 0.0766045558654244 0.0745341624906832
0.0527383377139959 0.0699797170243408 0.0699797170243408 0.0699797170243408 0.0649087231095335 0.0649087231095335 0.0649087231095335 0.0649087231095335 0.0659229218924949 0.0649087231095335 0.0649087231095335 0.0628803255436105 0.0628803255436105 0.0588235304117647 0.0517241389310345 0.0456389462332657
0.0170316311703163 0.0304136263041363 0.0377128963771289 0.0523114365231144 0.0681265216812652 0.0790754267907543 0.0851581518515815 0.0900243319002433 0.0997566919975669 0.100973237009732 0.0888077868880778 0.0778588817785888 0.0620437966204379 0.0498783464987834 0.0364963513649635 0.024330901243309
