0.00221729590022173 0.0716925361071693 0.0635624548063563 0.0687361429068736 0.0687361429068736 0.0694752412069475 0.0687361429068736 0.0679970446067997 0.0628233565062823 0.0643015531064302 0.0643015531064302 0.0665188480066519 0.065779749706578 0.0635624548063563 0.0650406514065041 0.0665188480066519
0.253687316634218 0.0294985260737463 0.0353982310884956 0.0353982310884956 0.0294985260737463 0.0353982310884956 0.0324483785811209 0.0324483785811209 0.0353982310884956 0.0324483785811209 0.0383480835958702 0.0353982310884956 0.0353982310884956 0.0353982310884956 0.0383480835958702 0.265486726663717
0.0343007925567282 0.0343007925567282 0.0343007925567282 0.0316622701292876 0.0369393149841689 0.0343007925567282 0.0395778374116095 0.0474934046939314 0.0527704495488127 0.0554089719762533 0.0633245392585752 0.0738786289683377 0.0897097635329815 0.105540898097625 0.121372032662269 0.145118734509235
0.0154043655699615 0.0179717596649551 0.0282413360449294 0.0410783065198973 0.0436457006148909 0.061617459279846 0.0693196415648267 0.0744544297548139 0.0808729149922978 0.0872914002297818 0.0924261884197689 0.0937098854672657 0.0872914002297818 0.0770218238498074 0.0706033386123235 0.0590500651848524
0.0516795875633075 0.0516795875633075 0.0516795875633075 0.0555555565555556 0.0581395358837209 0.0581395358837209 0.0607235152118863 0.0633074945400517 0.0671834635322997 0.0710594325245478 0.0749354015167959 0.0723514221886305 0.0723514221886305 0.0671834635322997 0.0658914738682171 0.0581395358837209
0.0120689665172414 0.0568965527241379 0.0741379320344828 0.0758620699655172 0.0551724147931035 0.0706896561724138 0.0568965527241379 0.0758620699655172 0.0724137941034483 0.0672413803103448 0.0879310354827586 0.0603448285862069 0.0724137941034483 0.0568965527241379 0.0568965527241379 0.0482758630689655
0.0227920237920228 0.0284900294900285 0.0299145309145299 0.0356125366125356 0.0413105423105413 0.0455840465840456 0.0512820522820513 0.056980057980057 0.0641025651025641 0.0726495736495727 0.0811965821965812 0.0826210836210826 0.0868945878945869 0.0911680921680912 0.0982905992905983 0.111111112111111
0.0589711427816813 0.0577164376373902 0.0614805530702635 0.0564617324930991 0.0577164376373902 0.0577164376373902 0.0577164376373902 0.0639899633588457 0.0627352582145546 0.0602258479259724 0.0639899633588457 0.0614805530702635 0.0639899633588457 0.0627352582145546 0.0614805530702635 0.0915934765332497
0.0626598475473146 0.0639386199258312 0.0626598475473146 0.0626598475473146 0.0626598475473146 0.0626598475473146 0.0626598475473146 0.0626598475473146 0.0626598475473146 0.0626598475473146 0.0626598475473146 0.0626598475473146 0.0626598475473146 0.0613810751687979 0.0613810751687979 0.0613810751687979
0.00943396326415094 0.00943396326415094 0.00471698213207547 0.000000001 0.00943396326415094 0.0188679255283019 0.0141509443962264 0.0235849066603774 0.0235849066603774 0.0377358500566038 0.0518867934528302 0.0613207557169811 0.0754716991132075 0.080188680245283 0.108490567037736 0.471698114207547
0.015748032496063 0.031496063992126 0.0275590561181102 0.0334645679291339 0.0393700797401575 0.0610236230472441 0.0649606309212598 0.0669291348582677 0.0728346466692913 0.0748031506062992 0.0807086624173228 0.0846456702913386 0.0846456702913386 0.0866141742283465 0.0866141742283465 0.0885826781653543
0.0623441406508728 0.0610972578578554 0.0623441406508728 0.0623441406508728 0.0635910234438903 0.0635910234438903 0.0623441406508728 0.0635910234438903 0.0623441406508728 0.0635910234438903 0.0623441406508728 0.0623441406508728 0.0610972578578554 0.0623441406508728 0.0623441406508728 0.0623441406508728
0.0622754501017964 0.0622754501017964 0.0622754501017964 0.0634730548922156 0.0634730548922156 0.0634730548922156 0.0634730548922156 0.0598802405209581 0.0622754501017964 0.0622754501017964 0.0622754501017964 0.0622754501017964 0.0610778453113772 0.0622754501017964 0.0634730548922156 0.0634730548922156
0.0730067253035543 0.0720461105100865 0.0710854957166186 0.0701248809231508 0.069164266129683 0.0672430365427474 0.0653218069558117 0.0643611921623439 0.0634005773688761 0.0605187329884726 0.058597503401537 0.0566762738146013 0.0547550442276657 0.0528338146407301 0.0518731998472622 0.0489913554668588
0.0390355922743972 0.0482204372801378 0.0574052822858783 0.0619977047887486 0.0734787610459242 0.0803673948002296 0.0826636060516647 0.087256028554535 0.0929965566831228 0.0941446623088404 0.087256028554535 0.0723306554202067 0.0493685429058553 0.0367393810229621 0.0229621135143513 0.0137772685086108
0.0435413652960813 0.0493468805355588 0.0493468805355588 0.0537010169651669 0.0537010169651669 0.0551523957750363 0.0566037745849057 0.0595065322046444 0.0609579110145138 0.0638606686342525 0.0667634262539913 0.0682148050638607 0.06966618387373 0.0769230779230769 0.0856313507822932 0.0870827295921626
0.000000001 0.0195258029525802 0.0292887039288703 0.0362622046262204 0.0502092060209205 0.0543933064393305 0.0669456076945607 0.0655509075550906 0.0739191083919107 0.0781032088103208 0.0808926090892608 0.0794979089497908 0.0864714096471409 0.0892608099260809 0.0892608099260809 0.100418411041841
