0.0260869575217391 0.00869565317391304 0.000000001 0.00869565317391304 0.00869565317391304 0.00869565317391304 0.0173913053478261 0.00869565317391304 0.00869565317391304 0.00869565317391304 0.000000001 0.0173913053478261 0.00869565317391304 0.000000001 0.00869565317391304 0.860869566217391
0.0833333343333333 0.0833333343333333 0.111111112111111 0.0833333343333333 0.111111112111111 0.0555555565555556 0.0277777787777778 0.0555555565555556 0.111111112111111 0.0277777787777778 0.0555555565555556 0.0555555565555556 0.0277777787777778 0.0277777787777778 0.0555555565555556 0.0277777787777778
0.173144877325088 0.0282685522367491 0.0247349833321555 0.0318021211413428 0.0353356900459364 0.0424028278551237 0.049469965664311 0.049469965664311 0.049469965664311 0.049469965664311 0.0565371034734982 0.0565371034734982 0.0600706723780919 0.0636042412826855 0.0636042412826855 0.166077739515901
0.000000001 0.000000001 0.000000001 0.000000001 0.000000001 0.000000001 0.000000001 0.000000001 0.000000001 0.000000001 0.000000001 0.000000001 0.000000001 0.000000001 0.000000001 1.000000001
0.00854700954700855 0.0142450152450142 0.0270655280655271 0.0313390323390313 0.0427350437350427 0.0498575508575499 0.056980057980057 0.0612535622535613 0.0683760693760684 0.0754985764985755 0.0783475793475784 0.084045585045584 0.0897435907435897 0.094017095017094 0.0982905992905983 0.11965812065812
0.0316333128140736 0.0645577802123951 0.0645577802123951 0.0645577802123951 0.0645577802123951 0.0645577802123951 0.0645577802123951 0.0645577802123951 0.0645577802123951 0.0645577802123951 0.0645577802123951 0.0645577802123951 0.0645577802123951 0.0645577802123951 0.0645577802123951 0.0645577802123951
0.0133333343333333 0.0296296306296296 0.0296296306296296 0.0311111121111111 0.0474074084074074 0.0681481491481482 0.0755555565555556 0.077037038037037 0.077037038037037 0.077037038037037 0.077037038037037 0.0755555565555556 0.0785185195185185 0.080000001 0.080000001 0.082962963962963
0.000000001 0.0182841078917018 0.0295358659789029 0.0365682147834037 0.0506329123924051 0.0562587914360056 0.0646976100014065 0.0646976100014065 0.0689170192841069 0.0717299588059072 0.0787623076104079 0.0843881866540084 0.0829817168931083 0.0970464145021097 0.10126582378481 0.0942334749803094
0.0780984729864177 0.0764006801171477 0.0747028872478778 0.0713073015093379 0.0696095086400679 0.066213922901528 0.0645161300322581 0.0628183371629881 0.0628183371629881 0.0594227514244482 0.0594227514244482 0.0560271656859083 0.0543293728166384 0.0509337870780985 0.0492359942088285 0.0441426156010187
0.00196463754223969 0.000000001 0.000000001 0.000000001 0.000000001 0.000000001 0.000000001 0.0157170933379175 0.0471512780137525 0.0648330068939096 0.0903732819430255 0.113948920449902 0.131630649330059 0.153241651294695 0.19056974559725 0.19056974559725
0.000000001 0.000000001 0.000000001 0.000000001 0.000000001 0.000000001 0.0278969967081545 0.0429184559356223 0.0536480696695279 0.0708154516437768 0.092274679111588 0.103004292845494 0.11587982932618 0.128755365806867 0.150214593274678 0.214592275678112
0.506329114924051 0.000000001 0.000000001 0.000000001 0.000000001 0.000000001 0.000000001 0.000000001 0.000000001 0.000000001 0.000000001 0.000000001 0.000000001 0.000000001 0.000000001 0.493670887075949
0.00518134815025907 0.0155440424507772 0.00518134815025907 0.00518134815025907 0.00518134815025907 0.00518134815025907 0.0103626953005181 0.00518134815025907 0.0103626953005181 0.0103626953005181 0.0103626953005181 0.0103626953005181 0.00518134815025907 0.0569948196528497 0.321243524316062 0.518134716025907
0.000000001 0.000000001 0.000000001 0.000000001 0.000000001 0.000000001 0.000000001 0.000000001 0.000000001 0.000000001 0.000000001 0.000000001 0.000000001 0.000000001 0.000000001 1.000000001
0.0617283960617284 0.0617283960617284 0.062962963962963 0.0617283960617284 0.0617283960617284 0.062962963962963 0.062962963962963 0.062962963962963 0.0617283960617284 0.062962963962963 0.062962963962963 0.0641975318641975 0.062962963962963 0.062962963962963 0.0617283960617284 0.0617283960617284
0.0624605688233438 0.0624605688233438 0.0624605688233438 0.0624605688233438 0.0624605688233438 0.0630914836498423 0.0630914836498423 0.0630914836498423 0.0624605688233438 0.0624605688233438 0.0618296539968454 0.0618296539968454 0.0624605688233438 0.0624605688233438 0.0624605688233438 0.0624605688233438
0.109090910090909 0.109090910090909 0.0602272737272727 0.0568181828181818 0.0534090919090909 0.0556818191818182 0.0579545464545455 0.0568181828181818 0.0568181828181818 0.0545454555454545 0.0545454555454545 0.0556818191818182 0.0545454555454545 0.0545454555454545 0.0534090919090909 0.0568181828181818
0.0624219735343321 0.0649188524357054 0.0649188524357054 0.0611735340836454 0.0624219735343321 0.0624219735343321 0.066167291886392 0.0649188524357054 0.0624219735343321 0.0624219735343321 0.0611735340836454 0.0611735340836454 0.0636704129850187 0.0599250946329588 0.0599250946329588 0.0599250946329588
0.062500001 0.062500001 0.062500001 0.062500001 0.062500001 0.062500001 0.062500001 0.062500001 0.062500001 0.062500001 0.062500001 0.062500001 0.062500001 0.062500001 0.062500001 0.062500001
0.0923076933076923 0.050000001 0.050000001 0.0461538471538461 0.050000001 0.0557692317692308 0.050000001 0.0557692317692308 0.0519230779230769 0.0519230779230769 0.050000001 0.0788461548461538 0.0788461548461538 0.0807692317692308 0.0788461548461538 0.0788461548461538
0.00213675313675214 0.066951567951567 0.0662393172393162 0.0662393172393162 0.0662393172393162 0.066951567951567 0.066951567951567 0.066951567951567 0.066951567951567 0.0662393172393162 0.0648148158148148 0.066951567951567 0.066951567951567 0.0655270665270655 0.0662393172393162 0.0676638186638177
0.0194902558725637 0.0719640189910045 0.0719640189910045 0.0719640189910045 0.0712143938035982 0.0712143938035982 0.0689655182413793 0.068215893053973 0.0667166426791604 0.0652173923043478 0.0637181419295352 0.06071964117991 0.0592203908050975 0.0577211404302849 0.0562218900554723 0.055472264868066
0.0241779507098646 0.0309477766286267 0.0328820126054159 0.0357833665705996 0.0386847205357834 0.0531914903617021 0.0647969062224371 0.0696324961644101 0.074468086106383 0.0754352040947776 0.0822050300135397 0.0812379120251451 0.0812379120251451 0.0831721480019342 0.086073501967118 0.086073501967118
0.000000001 0.018058691744921 0.0225733644311512 0.0304740416320542 0.0383747188329571 0.0474040642054176 0.054176073234763 0.0598194140925508 0.0688487594650113 0.0790067730090293 0.0857787820383747 0.0914221228961625 0.0959367955823928 0.101580136440181 0.101580136440181 0.104966140954853
0.007812501 0.000000001 0.007812501 0.023437501 0.015625001 0.007812501 0.015625001 0.023437501 0.023437501 0.023437501 0.023437501 0.015625001 0.015625001 0.015625001 0.007812501 0.773437501
0.0232172480978441 0.0265339976832504 0.0348258716467662 0.0447761204029851 0.0464344951956882 0.0530679943665008 0.0580431187446103 0.0630182431227197 0.0679933675008292 0.0729684918789386 0.0746268666716418 0.0796019910497512 0.0845771154278607 0.0862354902205638 0.0895522398059702 0.0945273641840796
