0.0232558149534884 0.0465116289069767 0.0465116289069767 0.0232558149534884 0.0697674428604651 0.0697674428604651 0.0465116289069767 0.0930232568139535 0.0697674428604651 0.0697674428604651 0.0465116289069767 0.0697674428604651 0.0930232568139535 0.0930232568139535 0.0697674428604651 0.0697674428604651
0.265573771491803 0.232786886245902 0.20655737804918 0.163934427229508 0.131147541983607 0.000000001 0.000000001 0.000000001 0.000000001 0.000000001 0.000000001 0.000000001 0.000000001 0.000000001 0.000000001 0.000000001
0.0998004002015968 0.199600799403194 0.157684631738523 0.0978043922175649 0.0578842325369261 0.0558882245528942 0.0518962085848303 0.0499002006007984 0.0459081846327345 0.0459081846327345 0.0399201606806387 0.029940120760479 0.0199600808403194 0.0179640728562874 0.0159680648722555 0.0139720568882236
0.157116452016636 0.140480592497227 0.123844732977819 0.103512015787431 0.088724585103512 0.0739371544195934 0.0628465814066543 0.0536044372292052 0.0462107218872458 0.0369685777097967 0.0295748623678373 0.0240295758613678 0.0184842893548983 0.0166358605194085 0.0129390028484288 0.011090574012939
0.104918033786885 0.118032787885246 0.108196722311475 0.0983606567377049 0.0901639354262295 0.0836065583770492 0.0754098370655738 0.0672131157540984 0.059016394442623 0.0508196731311475 0.0426229518196721 0.0360655747704918 0.0278688534590164 0.0180327878852459 0.0114754108360656 0.00819672231147541
0.0419426058565121 0.0441501113752759 0.0507726279315673 0.0684326720816777 0.0794701996754967 0.0883002217505519 0.0883002217505519 0.0860927162317881 0.0794701996754967 0.0750551886379691 0.0728476831192053 0.0618101555253863 0.0573951444878587 0.0441501113752759 0.0375275948189845 0.0242825617064018
0.08300395356917 0.0612648231343874 0.0592885385494071 0.0592885385494071 0.0612648231343874 0.0632411077193676 0.0612648231343874 0.0612648231343874 0.0612648231343874 0.0612648231343874 0.0612648231343874 0.0612648231343874 0.0612648231343874 0.0612648231343874 0.0612648231343874 0.0612648231343874
0.053968254968254 0.0825396835396826 0.0793650803650794 0.0825396835396826 0.0825396835396826 0.0825396835396826 0.0761904771904762 0.0825396835396826 0.0825396835396826 0.0825396835396826 0.0507936517936508 0.0349206359206349 0.0380952390952381 0.0349206359206349 0.0285714295714286 0.0253968263968254
0.122340426531915 0.101063830787234 0.0904255329148936 0.0824468095106383 0.0797872350425532 0.0718085116382979 0.0664893627021277 0.0611702137659574 0.0558510648297872 0.050531915893617 0.0478723414255319 0.0452127669574468 0.0372340435531915 0.0345744690851064 0.0292553201489362 0.023936171212766
0.0853503194713376 0.0828025487707006 0.0815286634203822 0.0789808927197452 0.0777070073694267 0.0751592366687898 0.0726114659681529 0.0687898099171975 0.064968153866242 0.0611464978152866 0.0573248417643312 0.0522293003630573 0.045859873611465 0.0394904468598726 0.0318471347579618 0.024203822656051
0.0516332992086407 0.0621707070063224 0.065331929345627 0.0632244477860906 0.0611169662265543 0.0590094846670179 0.0579557438872497 0.0590094846670179 0.0632244477860906 0.0642781885658588 0.065331929345627 0.0706006332444679 0.0695468924646997 0.0642781885658588 0.0600632254467861 0.0632244477860906
0.0949720680391062 0.0949720680391062 0.0949720680391062 0.100558660217877 0.0837988836815642 0.0782122915027933 0.0670391071452514 0.0558659227877095 0.0502793306089385 0.0502793306089385 0.0446927384301676 0.0446927384301676 0.0446927384301676 0.0391061462513966 0.0335195540726257 0.0223463697150838
0.218562875251497 0.158682635730539 0.101796408185629 0.0658682644730539 0.0389221566886228 0.0239520968083832 0.0209580848323353 0.0269461087844311 0.0209580848323353 0.0149700608802395 0.0209580848323353 0.0149700608802395 0.0149700608802395 0.0149700608802395 0.0239520968083832 0.218562875251497
0.334975370458128 0.438423646320197 0.12807881873399 0.0985221684876847 0.000000001 0.000000001 0.000000001 0.000000001 0.000000001 0.000000001 0.000000001 0.000000001 0.000000001 0.000000001 0.000000001 0.000000001
0.125475286171103 0.11787072343346 0.110266160695817 0.096958175904943 0.0893536131673004 0.0817490504296578 0.0741444876920152 0.0684410656387833 0.0551330808479087 0.0456273774258555 0.0418250960570342 0.0342205333193916 0.0266159705817491 0.0190114078441065 0.0114068451064639 0.00190114168441065
0.259887006649718 0.177966102694915 0.172316385180791 0.152542373881356 0.135593221338983 0.101694916254237 0.000000001 0.000000001 0.000000001 0.000000001 0.000000001 0.000000001 0.000000001 0.000000001 0.000000001 0.000000001
0.116279070767442 0.116279070767442 0.116279070767442 0.13953488472093 0.0697674428604651 0.0232558149534884 0.0232558149534884 0.0465116289069767 0.0697674428604651 0.0697674428604651 0.0465116289069767 0.0465116289069767 0.000000001 0.0465116289069767 0.0465116289069767 0.0232558149534884
0.305699482865285 0.264248705663212 0.181347151259067 0.119170985455959 0.0569948196528497 0.0103626953005181 0.0103626953005181 0.00518134815025907 0.00518134815025907 0.0103626953005181 0.0103626953005181 0.00518134815025907 0.00518134815025907 0.00518134815025907 0.000000001 0.00518134815025907
0.146974064400576 0.172910663824207 0.15850144192219 0.123919309357349 0.0922190211729107 0.0547550442276657 0.0432276667060519 0.0288184448040346 0.0288184448040346 0.031700289184438 0.0288184448040346 0.0172910672824207 0.0201729116628242 0.0201729116628242 0.0172910672824207 0.0144092229020173
0.0816802810466744 0.0816802810466744 0.0606767804632439 0.0606767804632439 0.0606767804632439 0.0606767804632439 0.0606767804632439 0.05950991931972 0.0606767804632439 0.0606767804632439 0.0606767804632439 0.0606767804632439 0.058343058176196 0.058343058176196 0.0571761970326721 0.0571761970326721
