0.0330882362941176 0.0900735304117647 0.121323530411765 0.117647059823529 0.108455883352941 0.101102942176471 0.0863970598235294 0.0735294127647059 0.0661764715882353 0.0588235304117647 0.0533088245294118 0.0422794127647059 0.0220588245294118 0.0128676480588235 0.00919117747058824 0.00367647158823529
0.162062616101289 0.130755065456722 0.10865561794291 0.138121547961326 0.104972376690608 0.0810313085506446 0.0534069991583794 0.0810313085506446 0.00736648350460405 0.0110497247569061 0.00368324225230203 0.00184162162615101 0.00736648350460405 0.00552486287845304 0.00368324225230203 0.0994475148121547
0.0738916266157635 0.0394088679950739 0.0492610847438424 0.0615763556798029 0.0665024640541872 0.0640394098669951 0.0344827596206897 0.0467980305566502 0.0369458138078818 0.0467980305566502 0.0615763556798029 0.105911331049261 0.0763546808029557 0.0960591143004926 0.0591133014926108 0.0812807891773399
0.000000001 0.0198019811980198 0.0363036313630363 0.0495049514950495 0.0726072617260726 0.0858085818580858 0.105610562056106 0.12046204720462 0.108910892089109 0.099009901990099 0.0874587468745875 0.0726072617260726 0.066006601660066 0.0396039613960396 0.0231023112310231 0.0132013211320132
0.050531915893617 0.0585106392978723 0.0691489371702128 0.0771276605744681 0.0877659584468085 0.0930851073829787 0.0877659584468085 0.0797872350425532 0.0718085116382979 0.0664893627021277 0.0585106392978723 0.0531914903617021 0.0452127669574468 0.0398936180212766 0.0319148946170213 0.0292553201489362
0.038107753956636 0.106438897189225 0.106438897189225 0.101182655402103 0.0906701718278581 0.0814717487003942 0.0788436278068331 0.0709592651261498 0.064388962892247 0.0551905397647832 0.0486202375308804 0.0446780561905388 0.0367936935098555 0.026281209935611 0.0249671494888305 0.0249671494888305
0.264516130032258 0.270967742935484 0.216129033258065 0.170967742935484 0.0774193558387097 0.000000001 0.000000001 0.000000001 0.000000001 0.000000001 0.000000001 0.000000001 0.000000001 0.000000001 0.000000001 0.000000001
0.178823530411765 0.145882353941176 0.131764706882353 0.0988235304117647 0.0870588245294118 0.0564705892352941 0.0494117657058823 0.0305882362941176 0.0258823539411765 0.0258823539411765 0.0282352951176471 0.0282352951176471 0.0282352951176471 0.0282352951176471 0.0282352951176471 0.0282352951176471
0.0637755112040816 0.0637755112040816 0.0612244907959184 0.0637755112040816 0.0612244907959184 0.062500001 0.062500001 0.0637755112040816 0.062500001 0.062500001 0.0637755112040816 0.0612244907959184 0.062500001 0.0612244907959184 0.062500001 0.0612244907959184
0.0322033908305085 0.132203390830508 0.111864407779661 0.0983050857457627 0.0898305094745763 0.0830508484576271 0.0728813569322034 0.0644067806610169 0.0593220348983051 0.0542372891355932 0.0525423738813559 0.0423728823559322 0.035593221338983 0.0305084755762712 0.023728814559322 0.0169491535423729
0.0600750948673342 0.0613266593229036 0.0625782237784731 0.0613266593229036 0.0625782237784731 0.0625782237784731 0.0625782237784731 0.0613266593229036 0.0613266593229036 0.0613266593229036 0.0625782237784731 0.0625782237784731 0.0638297882340425 0.0638297882340425 0.065081352689612 0.065081352689612
0.0527859247536657 0.0527859247536657 0.06158357871261 0.0557184760733138 0.0645161300322581 0.0586510273929619 0.0674486813519062 0.0645161300322581 0.0674486813519062 0.0674486813519062 0.06158357871261 0.0586510273929619 0.0674486813519062 0.0645161300322581 0.0703812326715542 0.0645161300322581
0.0671550681550672 0.0952380962380952 0.0805860815860806 0.072039073039072 0.0695970705970696 0.0695970705970696 0.0695970705970696 0.0671550681550672 0.0647130657130647 0.0610500620500611 0.0573870583870574 0.0525030535030525 0.0476190486190476 0.043956044956044 0.0427350437350427 0.0390720400720391
0.031763418305586 0.0372398695651698 0.0449069013285871 0.0492880623362541 0.0558598038477547 0.0624315453592552 0.0690032868707558 0.0766703186341731 0.0777656088860898 0.0777656088860898 0.0766703186341731 0.0810514796418401 0.072289157626506 0.072289157626506 0.0591456746035049 0.0558598038477547
0.00785854716895874 0.0216110029646365 0.031434185675835 0.0451866414715128 0.0589390972671906 0.0746561896051081 0.0884086454007859 0.108055010823183 0.102161101196464 0.0982318281119843 0.0903732819430255 0.0766208261473477 0.0746561896051081 0.0275049125913556 0.0432220049292731 0.0510805510982318
0.036741215057508 0.0399361032364217 0.0399361032364217 0.0479233236837061 0.0479233236837061 0.0527156559520767 0.0670926527571885 0.0702875409361022 0.0702875409361022 0.0702875409361022 0.0750798732044728 0.073482429115016 0.0750798732044728 0.0766773172939297 0.0782747613833866 0.0782747613833866
