0.0632258074516129 0.0632258074516129 0.0632258074516129 0.0632258074516129 0.0632258074516129 0.0606451622903226 0.0606451622903226 0.0606451622903226 0.0619354848709677 0.0619354848709677 0.0619354848709677 0.0632258074516129 0.0645161300322581 0.0619354848709677 0.0632258074516129 0.0632258074516129
0.0418943543697632 0.0500910756812386 0.058287796992714 0.0619307842422587 0.063752277867031 0.0655737714918033 0.0664845183041894 0.0692167587413479 0.0701275055537341 0.0701275055537341 0.0692167587413479 0.0673952651165756 0.0646630246794171 0.063752277867031 0.063752277867031 0.0537340629307832
0.133333334333333 0.0666666676666667 0.0666666676666667 0.0333333343333333 0.100000001 0.0333333343333333 0.0333333343333333 0.0333333343333333 0.0666666676666667 0.0666666676666667 0.100000001 0.100000001 0.0333333343333333 0.0666666676666667 0.0333333343333333 0.0333333343333333
0.0627503347783712 0.061415221293725 0.061415221293725 0.0627503347783712 0.0627503347783712 0.0627503347783712 0.0627503347783712 0.0627503347783712 0.061415221293725 0.0640854482630173 0.0640854482630173 0.0627503347783712 0.061415221293725 0.061415221293725 0.0627503347783712 0.0627503347783712
0.0817051519769094 0.0799289530426288 0.0772646546412078 0.0763765551740675 0.0728241573055062 0.0692717594369449 0.0648312621012433 0.0630550631669627 0.0603907647655417 0.0586145658312611 0.0559502674298401 0.0515097700941385 0.0497335711598579 0.0470692727584369 0.0461811732912966 0.0452930738241563
0.0588235304117647 0.0588235304117647 0.0588235304117647 0.000000001 0.117647059823529 0.0588235304117647 0.0588235304117647 0.117647059823529 0.000000001 0.0588235304117647 0.000000001 0.117647059823529 0.176470589235294 0.0588235304117647 0.0588235304117647 0.000000001
1.000000001 0.000000001 0.000000001 0.000000001 0.000000001 0.000000001 0.000000001 0.000000001 0.000000001 0.000000001 0.000000001 0.000000001 0.000000001 0.000000001 0.000000001 0.000000001
0.869565218391304 0.000000001 0.00869565317391304 0.0173913053478261 0.000000001 0.000000001 0.0173913053478261 0.0173913053478261 0.00869565317391304 0.0173913053478261 0.00869565317391304 0.0173913053478261 0.00869565317391304 0.00869565317391304 0.000000001 0.000000001
1.000000001 0.000000001 0.000000001 0.000000001 0.000000001 0.000000001 0.000000001 0.000000001 0.000000001 0.000000001 0.000000001 0.000000001 0.000000001 0.000000001 0.000000001 0.000000001
0.0155210653015521 0.0288248347028825 0.0288248347028825 0.0288248347028825 0.0288248347028825 0.0310421296031042 0.0310421296031042 0.0643015531064302 0.0687361429068736 0.0776053225077605 0.0886917970088692 0.0909090919090909 0.0953436817095344 0.1019955664102 0.108647451110865 0.110864746011086
0.0644753486611884 0.0632111261580278 0.0632111261580278 0.0632111261580278 0.0632111261580278 0.0619469036548673 0.0606826811517067 0.0619469036548673 0.0619469036548673 0.0619469036548673 0.0632111261580278 0.0619469036548673 0.0619469036548673 0.0619469036548673 0.0619469036548673 0.0632111261580278
0.0512820522820513 0.0512820522820513 0.0576923086923077 0.0512820522820513 0.0641025651025641 0.0641025651025641 0.0576923086923077 0.0641025651025641 0.0641025651025641 0.0705128215128205 0.0641025651025641 0.0641025651025641 0.0641025651025641 0.0705128215128205 0.0769230779230769 0.0641025651025641
0.00912200784150513 0.0205245163933865 0.0296465232348917 0.0387685300763968 0.0456100352075257 0.0535917911938426 0.0638540488905359 0.0706955540216648 0.0786773100079818 0.0866590659942987 0.0946408219806157 0.102622577966933 0.0820980625735462 0.0741163065872292 0.0741163065872292 0.0752565574424173
0.000000001 0.000000001 0.000000001 0.000000001 0.000000001 0.000000001 0.000000001 0.000000001 0.000000001 0.000000001 0.000000001 0.000000001 0.000000001 0.160000001 0.346666667666667 0.493333334333333
0.91743119366055 0.000000001 0.018348624853211 0.0091743129266055 0.0091743129266055 0.018348624853211 0.018348624853211 0.0091743129266055 0.000000001 0.000000001 0.000000001 0.000000001 0.000000001 0.000000001 0.000000001 0.000000001
0.062870700881376 0.0604982216405694 0.0616844612609727 0.0616844612609727 0.0640569405017794 0.0676156593629893 0.0640569405017794 0.0640569405017794 0.0604982216405694 0.062870700881376 0.0640569405017794 0.0604982216405694 0.0616844612609727 0.0604982216405694 0.0604982216405694 0.062870700881376
0.0617283960617284 0.0617283960617284 0.062962963962963 0.0654320997654321 0.062962963962963 0.062962963962963 0.0641975318641975 0.062962963962963 0.062962963962963 0.062962963962963 0.062962963962963 0.062962963962963 0.0592592602592593 0.0604938281604938 0.0617283960617284 0.0617283960617284
