0.067435670920142 0.0629991136885537 0.0594498679032831 0.0594498679032831 0.0629991136885537 0.0629991136885537 0.062111802242236 0.0656610480275066 0.067435670920142 0.0718722281517303 0.0692102938127773 0.0629991136885537 0.0638864251348713 0.0541259992253771 0.0523513763327418 0.0550133106716948
0.0502793306089385 0.0540037253947858 0.0605214162700186 0.0605214162700186 0.0614525149664805 0.0623836136629423 0.0633147123594041 0.0614525149664805 0.0642458110558659 0.0651769097523277 0.0651769097523277 0.0661080084487896 0.0651769097523277 0.0661080084487896 0.0651769097523277 0.068901304538175
0.00583657687548638 0.00972762745914397 0.0330739309610895 0.0466926080038911 0.0622568103385214 0.0797665379649805 0.0972762655914397 0.0992217908832685 0.0953307402996109 0.0992217908832685 0.103112841466926 0.0953307402996109 0.0719844367976654 0.0525291838793774 0.0350194562529183 0.0136186780428016
0.0626535636535626 0.0638820648820639 0.0626535636535626 0.0638820648820639 0.0651105661105651 0.0651105661105651 0.0687960697960688 0.0651105661105651 0.0626535636535626 0.0614250624250614 0.0601965611965602 0.0601965611965602 0.0577395587395577 0.0601965611965602 0.0601965611965602 0.0601965611965602
0.0147637805275591 0.0383858277716535 0.0610236230472441 0.0688976387952756 0.0580708671417323 0.0688976387952756 0.0561023632047244 0.0590551191102362 0.0698818907637795 0.0728346466692913 0.062992126984252 0.062007875015748 0.0728346466692913 0.0679133868267716 0.0738188986377953 0.0925196860393701
0.0135823439541596 0.0288624797775891 0.0356536512546689 0.0407470298624788 0.0492359942088285 0.0560271656859083 0.0628183371629881 0.0645161300322581 0.0696095086400679 0.0747028872478778 0.0831918515942275 0.0865874373327674 0.0831918515942275 0.0848896444634975 0.0831918515942275 0.0831918515942275
0.0608695662173913 0.0623188415797101 0.0623188415797101 0.0623188415797101 0.063768116942029 0.0608695662173913 0.0594202908550725 0.0608695662173913 0.0594202908550725 0.0666666676666667 0.0608695662173913 0.063768116942029 0.063768116942029 0.0652173923043478 0.0652173923043478 0.0623188415797101
0.012311902504788 0.0642954866361149 0.0656634756922025 0.0656634756922025 0.0642954866361149 0.0642954866361149 0.0656634756922025 0.0656634756922025 0.06703146474829 0.06703146474829 0.06703146474829 0.06703146474829 0.0656634756922025 0.0642954866361149 0.0683994538043776 0.0656634756922025
0.0357142867142857 0.0357142867142857 0.0357142867142857 0.0357142867142857 0.000000001 0.0714285724285714 0.000000001 0.107142858142857 0.107142858142857 0.0714285724285714 0.0357142867142857 0.107142858142857 0.142857143857143 0.107142858142857 0.0357142867142857 0.0714285724285714
0.0763116067233704 0.0763116067233704 0.0747217816041335 0.0699523062464229 0.068362481127186 0.0651828308887122 0.0651828308887122 0.0635930057694754 0.0604133555310016 0.0588235304117647 0.0572337052925278 0.0572337052925278 0.0540540550540541 0.0524642299348172 0.0508744048155803 0.0492845796963434
0.0133657361154313 0.0376670726889429 0.0571081419477521 0.0656136097484812 0.0838396121786148 0.0984204141227217 0.105710815094775 0.094775213636695 0.0850546790072904 0.0741190775492102 0.0668286765771567 0.0583232087764277 0.0498177409756987 0.0425273400036452 0.0340218722029162 0.0328068053742406
0.0692640702640693 0.0692640702640693 0.0692640702640693 0.0707070717070707 0.0634920644920635 0.0634920644920635 0.062049063049062 0.0606060616060606 0.0591630601630592 0.0606060616060606 0.0606060616060606 0.0606060616060606 0.0591630601630592 0.0591630601630592 0.0562770572770563 0.0562770572770563
0.0609271533178808 0.0609271533178808 0.0609271533178808 0.0609271533178808 0.0596026500066225 0.0622516566291391 0.0596026500066225 0.0609271533178808 0.0649006632516556 0.0622516566291391 0.0662251665629139 0.0635761599403974 0.0649006632516556 0.0635761599403974 0.0635761599403974 0.0649006632516556
0.000000001 0.000000001 0.070312501 0.070312501 0.068750001 0.068750001 0.068750001 0.068750001 0.070312501 0.070312501 0.073437501 0.073437501 0.073437501 0.073437501 0.075000001 0.075000001
0.0356589157286822 0.0449612413100775 0.0465116289069767 0.0496124041007752 0.0511627916976744 0.062015504875969 0.0651162800697674 0.0635658924728682 0.0651162800697674 0.0682170552635659 0.0728682180542636 0.0806201560387597 0.0821705436356589 0.0790697684418605 0.0713178304573643 0.062015504875969
0.0620782736045884 0.0634278012699055 0.0634278012699055 0.0607287459392713 0.0607287459392713 0.0620782736045884 0.0620782736045884 0.0634278012699055 0.0607287459392713 0.0620782736045884 0.0620782736045884 0.0634278012699055 0.0647773289352227 0.0634278012699055 0.0620782736045884 0.0634278012699055
0.0616352211257862 0.0616352211257862 0.0654088060314465 0.0628930827610063 0.0641509443962264 0.0628930827610063 0.0616352211257862 0.0616352211257862 0.0616352211257862 0.0628930827610063 0.0628930827610063 0.0628930827610063 0.0628930827610063 0.0616352211257862 0.0616352211257862 0.0616352211257862
0.062500001 0.062500001 0.062500001 0.062500001 0.062500001 0.062500001 0.062500001 0.062500001 0.062500001 0.062500001 0.062500001 0.062500001 0.062500001 0.062500001 0.062500001 0.062500001
0.0590277787777778 0.0601851861851852 0.0601851861851852 0.0613425935925926 0.0613425935925926 0.062500001 0.062500001 0.062500001 0.0636574084074074 0.0636574084074074 0.0636574084074074 0.0636574084074074 0.0636574084074074 0.0636574084074074 0.0648148158148148 0.0636574084074074
0.0936708870759494 0.0607594946708861 0.0594936718860759 0.0607594946708861 0.0607594946708861 0.0607594946708861 0.0607594946708861 0.0607594946708861 0.0607594946708861 0.0607594946708861 0.0620253174556962 0.0620253174556962 0.0607594946708861 0.0569620263164557 0.0594936718860759 0.0594936718860759
0.133567663565905 0.0896309324586995 0.0896309324586995 0.0878734632144112 0.0843585247258348 0.0720562400158172 0.0685413015272408 0.0632688937943761 0.0579964860615114 0.0527240783286467 0.0456942013514938 0.0421792628629174 0.0369068551300527 0.0298769781528998 0.0263620396643234 0.0193321626871705
0.0641466218476518 0.0618556711030928 0.0618556711030928 0.0595647203585338 0.0618556711030928 0.0584192449862543 0.0618556711030928 0.0641466218476518 0.0641466218476518 0.0630011464753723 0.0618556711030928 0.0630011464753723 0.0652920972199313 0.0641466218476518 0.0641466218476518 0.0607101957308133
0.00576368976080692 0.00576368976080692 0.00576368976080692 0.00576368976080692 0.00288184538040346 0.00864553414121037 0.00864553414121037 0.00864553414121037 0.0461095110864553 0.0806916436512968 0.118155620596542 0.155619597541787 0.190201730106628 0.172910663824207 0.123919309357349 0.0605187329884726
0.0533175365450237 0.0580568730379147 0.0580568730379147 0.0616113754075829 0.0616113754075829 0.0604265412843602 0.0616113754075829 0.0616113754075829 0.0639810436540284 0.0651658777772512 0.0627962095308057 0.0651658777772512 0.0675355460236967 0.0627962095308057 0.0663507119004739 0.0699052142701422
0.000000001 0.00893997545721584 0.0229885067471264 0.037037038037037 0.0459770124942529 0.0549169869514687 0.0625798222005109 0.0727969358659004 0.0842911887394636 0.0957854416130268 0.0983397200293742 0.0970625808212005 0.0919540239885057 0.0919540239885057 0.0881226063639847 0.0472541517024266
