0.0638297882340425 0.0638297882340425 0.0638297882340425 0.0638297882340425 0.062500001 0.062500001 0.062500001 0.0638297882340425 0.0611702137659575 0.062500001 0.0638297882340425 0.062500001 0.0611702137659575 0.0598404265319149 0.0611702137659575 0.0611702137659575
0.00211640311640212 0.00529100629100529 0.0158730168730159 0.017989418989418 0.0285714295714286 0.0412698422698413 0.0761904771904762 0.0761904771904762 0.0783068793068783 0.0835978845978836 0.0857142867142857 0.0931216941216931 0.0952380962380952 0.0973544983544974 0.0984126994126984 0.104761905761905
0.00593824328028504 0.0166270793847981 0.0249406185771971 0.0308788608574822 0.0391924000498812 0.0439429938741093 0.0534441815225653 0.0581947753467933 0.0653206660831354 0.0712589083634204 0.0807600960118765 0.0878859867482185 0.0938242290285036 0.100950119764846 0.108076010501188 0.118764846605701
0.0340798452064265 0.0399221042132425 0.0457643632200584 0.0496592025579357 0.0525803320613437 0.059396300902629 0.059396300902629 0.0613437205715677 0.0642648500749757 0.0720545287507303 0.0740019484196689 0.0740019484196689 0.0720545287507303 0.0749756582541383 0.0808179172609542 0.0856864664333009
0.0125391859529781 0.0172413803103448 0.0266457690250784 0.0344827596206897 0.0391849539780564 0.0454545464545454 0.0501567408119122 0.054858935169279 0.0595611295266458 0.0705329163605016 0.0752351107178683 0.0846394994326019 0.0893416937899686 0.0971786843855799 0.108150471219436 0.134796239244514
0.0166898480097357 0.0152990274255911 0.0166898480097357 0.0222531303463143 0.0319888744353268 0.0403337979401947 0.0500695420292072 0.0653685684547983 0.0848400566328234 0.0945758007218359 0.101529903642559 0.102920724226704 0.0973574418901252 0.090403338969402 0.086230877216968 0.0834492360486787
0.0583016486552598 0.0595690757782003 0.0583016486552598 0.0583016486552598 0.0570342215323194 0.0583016486552598 0.0583016486552598 0.0583016486552598 0.0583016486552598 0.0595690757782003 0.0595690757782003 0.0595690757782003 0.0583016486552598 0.0608365029011407 0.0621039300240811 0.115335869187579
0.0513698640136986 0.0376712338767123 0.0273972612739726 0.0273972612739726 0.023972603739726 0.0273972612739726 0.0273972612739726 0.0308219188082192 0.0342465763424658 0.0445205489452055 0.0513698640136986 0.0650684941506849 0.0753424667534247 0.0856164393561644 0.0958904119589041 0.294520548945206
0.000000001 0.000000001 0.000000001 0.000000001 0.000000001 0.000000001 0.000000001 0.000000001 0.000000001 0.000000001 0.000000001 0.000000001 0.000000001 0.000000001 0.000000001 1.000000001
0.0356536512546689 0.0356536512546689 0.0390492369932088 0.0390492369932088 0.033955858385399 0.0373514441239389 0.0390492369932088 0.0424448227317487 0.0628183371629881 0.0696095086400679 0.0713073015093379 0.0764006801171477 0.110356537502547 0.120543294718166 0.0950764016791172 0.0916808159405773
0.0390946512057613 0.044238684127572 0.0462962972962963 0.0493827170493827 0.0504115236337448 0.0524691368024691 0.0565843631399177 0.0596707828930041 0.0637860092304527 0.0668724289835391 0.0720164619053498 0.0751028816584362 0.0771604948271605 0.0792181079958848 0.0802469145802469 0.0874485606707819
0.0413907294768212 0.0422185440463576 0.0480132460331126 0.0513245043112583 0.054635762589404 0.0579470208675497 0.0596026500066225 0.0629139082847682 0.0653973519933775 0.0670529811324503 0.0695364248410596 0.0711920539801325 0.0728476831192053 0.0753311268278146 0.0778145705364238 0.0827814579536424
0.0709583038529627 0.0716898327483541 0.0716898327483541 0.0731528905391368 0.0724213616437454 0.0731528905391368 0.0731528905391368 0.0724213616437454 0.0716898327483541 0.0716898327483541 0.0724213616437454 0.0716898327483541 0.0336503301880029 0.0336503301880029 0.0336503301880029 0.0329188012926116
0.0430748850291584 0.0642809817819748 0.0649436723055003 0.0629556007349238 0.0636182912584493 0.0636182912584493 0.0662690533525514 0.0629556007349238 0.0629556007349238 0.0629556007349238 0.0622929102113983 0.0629556007349238 0.0636182912584493 0.0636182912584493 0.0642809817819748 0.0656063628290258
0.0517503815175038 0.0532724515327245 0.0532724515327245 0.0547945215479452 0.0547945215479452 0.0547945215479452 0.0563165915631659 0.0578386615783866 0.060882801608828 0.060882801608828 0.0639269416392694 0.0654490116544901 0.0669710816697108 0.0730593617305936 0.0806697118066971 0.091324201913242
0.018018019018018 0.0225225235225225 0.0225225235225225 0.0225225235225225 0.027027028027027 0.0225225235225225 0.0225225235225225 0.027027028027027 0.0315315325315315 0.036036037036036 0.036036037036036 0.0855855865855856 0.0900900910900901 0.0900900910900901 0.0855855865855856 0.36036036136036
0.00224550998203593 0.0666167674670659 0.0666167674670659 0.0681137734550898 0.0673652704610778 0.0673652704610778 0.0681137734550898 0.0651197614790419 0.0666167674670659 0.0643712584850299 0.0651197614790419 0.0658682644730539 0.0658682644730539 0.0658682644730539 0.0658682644730539 0.0688622764491018
0.0625724227844728 0.0614136742329085 0.0614136742329085 0.0602549256813441 0.0614136742329085 0.06720741699073 0.0637311713360371 0.0614136742329085 0.0695249140938586 0.0648899198876014 0.0614136742329085 0.0602549256813441 0.0602549256813441 0.0602549256813441 0.0625724227844728 0.0614136742329085
0.00233644959813084 0.000000001 0.0210280383831776 0.0350467299719626 0.0630841131495327 0.0771028047383178 0.107476636514019 0.116822430906542 0.144859814084112 0.135514019691589 0.100467290719626 0.0677570103457944 0.0514018701588785 0.0397196271682243 0.0233644869813084 0.014018692588785
