0.0169491535423729 0.00847457727118644 0.00847457727118644 0.000000001 0.0169491535423729 0.0169491535423729 0.0169491535423729 0.00847457727118644 0.00847457727118644 0.000000001 0.00847457727118644 0.0169491535423729 0.0169491535423729 0.00847457727118644 0.0254237298135593 0.822033899305085
0.000000001 0.000000001 0.000000001 0.000000001 0.000000001 0.000000001 0.0104712051884817 0.0209424093769634 0.0261780114712042 0.0261780114712042 0.0261780114712042 0.031413613565445 0.0366492156596859 0.0471204198481675 0.277486911994764 0.49738219995288
0.0616531175311653 0.0616531175311653 0.0623306243062331 0.0636856378563686 0.0636856378563686 0.0630081310813008 0.0630081310813008 0.0623306243062331 0.0616531175311653 0.0609756107560976 0.0630081310813008 0.0630081310813008 0.0609756107560976 0.0623306243062331 0.0636856378563686 0.0630081310813008
0.00384615484615385 0.00128205228205128 0.0641025651025641 0.0653846163846154 0.0692307702307692 0.0705128215128205 0.0692307702307692 0.0705128215128205 0.0679487189487179 0.0679487189487179 0.0679487189487179 0.0666666676666667 0.0679487189487179 0.0615384625384615 0.0576923086923077 0.128205129205128
0.0340501802114695 0.0376344096021505 0.039426524297491 0.039426524297491 0.0448028683835125 0.0448028683835125 0.046594983078853 0.0483870977741936 0.0555555565555556 0.0627240153369176 0.0752688182043011 0.0806451622903226 0.0931899651577061 0.103942653329749 0.114695341501792 0.0788530475949821
0.0514285724285714 0.060000001 0.0635714295714286 0.0585714295714286 0.0635714295714286 0.0607142867142857 0.0642857152857143 0.0685714295714286 0.0692857152857143 0.0671428581428571 0.065000001 0.0642857152857143 0.0657142867142857 0.0592857152857143 0.0557142867142857 0.0628571438571429
0.0182648411826484 0.0243531212435312 0.0273972612739726 0.030441401304414 0.0334855413348554 0.0365296813652968 0.0410958914109589 0.0471841714718417 0.0517503815175038 0.0578386615783866 0.0654490116544901 0.076103501761035 0.091324201913242 0.10806697208067 0.138508372385084 0.15220700252207
0.000000001 0.00796178443949045 0.0159235678789809 0.0270700646942675 0.035031848133758 0.0445859882611465 0.0477707016369427 0.0605095551401274 0.0700636952675159 0.0796178353949045 0.0843949054585987 0.0907643322101911 0.0987261156496815 0.113057325840764 0.122611465968153 0.101910829025478
0.00152905298776758 0.00152905298776758 0.00152905298776758 0.00152905298776758 0.0152905208776758 0.0259938847920489 0.036697248706422 0.0443425086452599 0.0535168205718654 0.0626911324984709 0.0703363924373089 0.0795107043639144 0.151376147788991 0.151376147788991 0.151376147788991 0.151376147788991
0.0236220482440945 0.0196850403700787 0.0196850403700787 0.015748032496063 0.015748032496063 0.015748032496063 0.0118110246220472 0.015748032496063 0.0196850403700787 0.031496063992126 0.0393700797401575 0.0511811033622047 0.0708661427322835 0.0905511821023622 0.196850394700787 0.362204725409449
0.0625798222005109 0.0613026829923372 0.0613026829923372 0.0600255437841635 0.0600255437841635 0.0600255437841635 0.0613026829923372 0.0613026829923372 0.0613026829923372 0.0625798222005109 0.0651341006168582 0.0651341006168582 0.0638569614086845 0.0638569614086845 0.0651341006168582 0.0651341006168582
0.0226537226828479 0.0226537226828479 0.0258899686375405 0.0258899686375405 0.029126214592233 0.029126214592233 0.0323624605469256 0.0323624605469256 0.0388349524563107 0.0388349524563107 0.0614886741391586 0.0809061498673139 0.103559871550162 0.12621359323301 0.15210356087055 0.177993528508091
0.000000001 0.000000001 0.000000001 0.000000001 0.000000001 0.000000001 0.000000001 0.000000001 0.000000001 0.000000001 0.000000001 0.000000001 0.000000001 0.000000001 0.000000001 1.000000001
0.0612980779230769 0.062500001 0.062500001 0.062500001 0.062500001 0.062500001 0.062500001 0.062500001 0.062500001 0.062500001 0.062500001 0.062500001 0.0637019240769231 0.062500001 0.062500001 0.062500001
0.0460526325789474 0.0460526325789474 0.0460526325789474 0.0493421062631579 0.0493421062631579 0.0526315799473684 0.0460526325789474 0.0493421062631579 0.0526315799473684 0.0493421062631579 0.0526315799473684 0.0526315799473684 0.0493421062631579 0.0460526325789474 0.0493421062631579 0.263157895736842
0.0598726124649682 0.0598726124649682 0.0598726124649682 0.0611464978152866 0.0611464978152866 0.0611464978152866 0.0624203831656051 0.0624203831656051 0.0624203831656051 0.0636942685159236 0.0636942685159236 0.0636942685159236 0.0636942685159236 0.064968153866242 0.064968153866242 0.064968153866242
0.058252428184466 0.0129449848187702 0.0194174767281553 0.0161812307734628 0.0129449848187702 0.00970873886407767 0.0258899686375405 0.0355987065016181 0.0388349524563107 0.0388349524563107 0.0420711984110032 0.0517799362750809 0.0517799362750809 0.110032363459547 0.190938512326861 0.284789645012945
0.000000001 0.000000001 0.000000001 0.000000001 0.0879284659776453 0.0894187789433681 0.0968703437719821 0.107302534532042 0.0760059622518629 0.0789865881833085 0.0760059622518629 0.0745156492861401 0.0774962752175857 0.0774962752175857 0.0760059622518629 0.0819672141147541
0.0195121961219512 0.0048780497804878 0.0146341473414634 0.00975609856097561 0.00975609856097561 0.0146341473414634 0.0146341473414634 0.0146341473414634 0.0146341473414634 0.00975609856097561 0.00975609856097561 0.00975609856097561 0.165853659536585 0.239024391243902 0.326829269292683 0.121951220512195
0.0129449848187702 0.0145631077961165 0.0161812307734628 0.0210355997055016 0.0226537226828479 0.0242718456601942 0.0598705511618123 0.06957928902589 0.0792880268899676 0.0809061498673139 0.0857605187993528 0.0906148877313916 0.0938511336860841 0.100323625595469 0.108414240482201 0.119741101323625
0.000000001 0.066711141760507 0.066711141760507 0.066711141760507 0.0660440303529019 0.066711141760507 0.066711141760507 0.066711141760507 0.066711141760507 0.066711141760507 0.066711141760507 0.066711141760507 0.066711141760507 0.066711141760507 0.066711141760507 0.066711141760507
0.000000001 0.0101351361351351 0.0185810820810811 0.0236486496486486 0.0287162172162162 0.0337837847837838 0.0337837847837838 0.0405405415405405 0.0439189199189189 0.0489864874864865 0.0608108118108108 0.0962837847837838 0.114864865864865 0.135135136135135 0.150337838837838 0.160472973972973
0.00645161390322581 0.00645161390322581 0.0182795708924731 0.0311827966989247 0.0462365601397849 0.0612903235806452 0.0688172053010753 0.0731182805698925 0.0763440870215054 0.078494624655914 0.0806451622903226 0.0827956999247312 0.0881720440107527 0.0903225816451613 0.0946236569139785 0.0967741945483871
