0.0218978112189781 0.0145985411459854 0.0145985411459854 0.0072992710729927 0.0145985411459854 0.0218978112189781 0.0291970812919708 0.0291970812919708 0.0291970812919708 0.0218978112189781 0.0218978112189781 0.0218978112189781 0.0145985411459854 0.0072992710729927 0.0145985411459854 0.715328468153285
0.00819672231147541 0.0245901649344262 0.00819672231147541 0.0163934436229508 0.0245901649344262 0.00819672231147541 0.000000001 0.000000001 0.0163934436229508 0.0163934436229508 0.00819672231147541 0.00819672231147541 0.00819672231147541 0.0163934436229508 0.0163934436229508 0.819672132147541
0.0214861245452104 0.0384959723518353 0.0501342892721576 0.0564010753061773 0.0626678613401969 0.0644583716356312 0.0689346473742167 0.0707251576696509 0.0680393922264996 0.0680393922264996 0.0671441370787825 0.071620412817368 0.0743061782605192 0.0743061782605192 0.0725156679650851 0.0707251576696509
0.000000001 0.000000001 0.000000001 0.000000001 0.0253521136760563 0.0352112686056338 0.0450704235352113 0.0563380291690141 0.0661971840985915 0.0845070432535211 0.0943661981830986 0.0985915502957746 0.108450705225352 0.115492958746479 0.129577465788732 0.140845071422535
0.0160965804768612 0.0181086529114688 0.0201207253460765 0.0241448702152918 0.0261569426498994 0.0301810875191147 0.0362173048229376 0.0422535221267606 0.0462776669959759 0.0543259567344064 0.0663983913420523 0.0824949708189135 0.10261569516499 0.118712274641851 0.144869216291751 0.17102615794165
0.0576923086923077 0.0552884625384615 0.0576923086923077 0.0600961548461538 0.0600961548461538 0.0600961548461538 0.0600961548461538 0.0600961548461538 0.062500001 0.0649038471538462 0.0649038471538462 0.0649038471538462 0.062500001 0.062500001 0.0673076933076923 0.0793269240769231
0.00187617360787992 0.0075046914315197 0.0206378996866792 0.0281425901181989 0.0281425901181989 0.048780488804878 0.0525328340206379 0.0619136970600375 0.0787992505309568 0.0825515957467167 0.0863039409624766 0.0900562861782364 0.0919324587861163 0.101313321825516 0.099437149217636 0.120075047904315
0.0404312678463612 0.0417789767412399 0.045822103425876 0.0485175212156334 0.0525606479002695 0.0525606479002695 0.0579514834797844 0.0592991923746631 0.0633423190592992 0.0633423190592992 0.0633423190592992 0.0660377368490566 0.0754716991132076 0.0835579524824798 0.0876010791671159 0.0983827503261455
0.0533661750558292 0.0648604279293925 0.0648604279293925 0.0648604279293925 0.0640394098669951 0.0632183918045977 0.0632183918045977 0.0632183918045977 0.0623973737422003 0.0632183918045977 0.0632183918045977 0.0623973737422003 0.0623973737422003 0.061576355679803 0.061576355679803 0.061576355679803
0.000000001 0.00709219958156028 0.0184397173120567 0.025531915893617 0.0340425541914894 0.0397163130567376 0.049645391070922 0.0581560293687943 0.0624113485177305 0.0723404265319149 0.0822695045460993 0.0921985825602837 0.100709220858156 0.107801419439716 0.117730497453901 0.131914894617021
0.0161290332580645 0.0241935493870968 0.00806451712903226 0.000000001 0.0241935493870968 0.00806451712903226 0.00806451712903226 0.00806451712903226 0.0241935493870968 0.0161290332580645 0.00806451712903226 0.00806451712903226 0.0241935493870968 0.0161290332580645 0.000000001 0.806451613903226
0.0588697027268446 0.0667189962904239 0.0777080072794348 0.0777080072794348 0.0777080072794348 0.0777080072794348 0.0777080072794348 0.0698587137158556 0.0659340669340659 0.0627943495086342 0.0580847733704867 0.0533751972323391 0.0486656210941915 0.0455259036687598 0.0423861862433281 0.0392464688178964
0.00718562974251497 0.0167664680658683 0.0179640728562874 0.0239520968083832 0.0311377255508982 0.037125749502994 0.0491017974071856 0.0586826357305389 0.0718562884251497 0.0838323363293413 0.0898203602814371 0.0946107794431138 0.0970059890239521 0.101796408185629 0.105389222556886 0.11377245608982
0.0175879406984925 0.0175879406984925 0.0201005035125628 0.0201005035125628 0.0226130663266332 0.0226130663266332 0.0276381919547739 0.0351758803969849 0.0477386944673367 0.0653266341658292 0.0804020110502513 0.092964825120603 0.108040202005025 0.125628141703518 0.138190955773869 0.158291458286432
0.0618131878131868 0.0618131878131868 0.0618131878131868 0.0631868141868132 0.0618131878131868 0.0618131878131868 0.0618131878131868 0.0631868141868132 0.0645604405604396 0.0631868141868132 0.0604395614395604 0.0618131878131868 0.0631868141868132 0.0645604405604396 0.0631868141868132 0.0618131878131868
0.0609756107560976 0.0609756107560976 0.0596205972059621 0.0609756107560976 0.0636856378563686 0.0650406514065041 0.0650406514065041 0.0596205972059621 0.0609756107560976 0.0609756107560976 0.0623306243062331 0.0623306243062331 0.0623306243062331 0.0663956649566396 0.0636856378563686 0.0650406514065041
0.0622641519433962 0.0622641519433962 0.0622641519433962 0.0622641519433962 0.0622641519433962 0.0622641519433962 0.0628930827610063 0.0628930827610063 0.0628930827610063 0.0628930827610063 0.0628930827610063 0.0628930827610063 0.0622641519433962 0.0622641519433962 0.0622641519433962 0.0622641519433962
0.110975610756098 0.0731707327073171 0.0597560985609756 0.0597560985609756 0.0609756107560976 0.0609756107560976 0.0609756107560976 0.0621951229512195 0.0597560985609756 0.0585365863658537 0.0573170741707317 0.0560975619756098 0.0573170741707317 0.0548780497804878 0.0548780497804878 0.0524390253902439
0.279245284018868 0.158490567037736 0.060377359490566 0.0339622651509434 0.0226415104339623 0.0264150953396226 0.0452830198679245 0.0339622651509434 0.0377358500566038 0.0754716991132076 0.0679245293018868 0.0528301896792453 0.0452830198679245 0.0415094349622642 0.0113207557169811 0.00754717081132076
0.214705883352941 0.0882352951176471 0.0705882362941176 0.0588235304117647 0.0470588245294118 0.0294117657058824 0.0235294127647059 0.0294117657058824 0.0264705892352941 0.0235294127647059 0.0176470598235294 0.0235294127647059 0.0323529421764706 0.0647058833529412 0.120588236294118 0.129411765705882
0.00412088012087912 0.0123626383626374 0.0178571438571429 0.0274725284725275 0.0343406603406593 0.0453296713296703 0.0494505504505494 0.0576923086923077 0.0604395614395604 0.0769230779230769 0.0851648361648352 0.0879120889120879 0.100274726274725 0.105769231769231 0.10989011089011 0.125000001
