1.000000001 0.000000001 0.000000001 0.000000001 0.000000001 0.000000001 0.000000001 0.000000001 0.000000001 0.000000001 0.000000001 0.000000001 0.000000001 0.000000001 0.000000001 0.000000001
0.0645161300322581 0.161290323580645 0.032258065516129 0.0967741945483871 0.129032259064516 0.032258065516129 0.0967741945483871 0.032258065516129 0.0645161300322581 0.032258065516129 0.0967741945483871 0.032258065516129 0.032258065516129 0.032258065516129 0.0645161300322581 0.000000001
0.224080268558528 0.150501673240803 0.120401338792642 0.0969899675551839 0.0903010043444816 0.0735785963177257 0.0568561882909699 0.0468227434749164 0.0334448170535117 0.0301003354481605 0.0167224090267559 0.0167224090267559 0.020066890632107 0.0167224090267559 0.00668896421070234 0.000000001
0.018796993481203 0.0288220561378446 0.0513784471152882 0.0651629082681704 0.0651629082681704 0.0651629082681704 0.0676691739323308 0.0676691739323308 0.0676691739323308 0.0676691739323308 0.068922306764411 0.068922306764411 0.0726817052606516 0.0739348380927318 0.0764411037568922 0.0739348380927318
1.000000001 0.000000001 0.000000001 0.000000001 0.000000001 0.000000001 0.000000001 0.000000001 0.000000001 0.000000001 0.000000001 0.000000001 0.000000001 0.000000001 0.000000001 0.000000001
0.546666667666667 0.040000001 0.0333333343333333 0.0333333343333333 0.0333333343333333 0.0333333343333333 0.0333333343333333 0.0333333343333333 0.0333333343333333 0.0333333343333333 0.0266666676666667 0.0266666676666667 0.0333333343333333 0.020000001 0.020000001 0.020000001
0.883928572428571 0.0178571438571429 0.00892857242857143 0.00892857242857143 0.00892857242857143 0.00892857242857143 0.00892857242857143 0.00892857242857143 0.000000001 0.000000001 0.000000001 0.00892857242857143 0.00892857242857143 0.00892857242857143 0.00892857242857143 0.00892857242857143
0.869565218391304 0.00869565317391304 0.00869565317391304 0.00869565317391304 0.00869565317391304 0.00869565317391304 0.00869565317391304 0.00869565317391304 0.00869565317391304 0.00869565317391304 0.00869565317391304 0.00869565317391304 0.00869565317391304 0.00869565317391304 0.00869565317391304 0.00869565317391304
0.706766918293233 0.037593985962406 0.037593985962406 0.037593985962406 0.0300751889699248 0.037593985962406 0.0300751889699248 0.0225563919774436 0.0225563919774436 0.0150375949849624 0.0150375949849624 0.0075187979924812 0.000000001 0.000000001 0.000000001 0.000000001
0.0179372207309417 0.0179372207309417 0.0179372207309417 0.0179372207309417 0.0179372207309417 0.0179372207309417 0.0179372207309417 0.0179372207309417 0.0179372207309417 0.0179372207309417 0.0179372207309417 0.0269058305964126 0.0403587453946188 0.0986547095201794 0.219730942704036 0.417040359744395
0.120665743024965 0.11373093026491 0.106796117504854 0.0998613047447989 0.0915395294327323 0.0832177541206657 0.0735090162565881 0.0651872409445215 0.0568654656324549 0.0499306528723994 0.0402219150083218 0.0319001396962552 0.0249653269361997 0.0194174767281553 0.0152565890721221 0.00693481376005548
0.0290697684418605 0.0406976754186047 0.0465116289069767 0.0523255823953488 0.063953489372093 0.0697674428604651 0.0697674428604651 0.0755813963488372 0.0813953498372093 0.0813953498372093 0.0813953498372093 0.0813953498372093 0.0755813963488372 0.063953489372093 0.0523255823953488 0.0348837219302326
0.251724138931035 0.0827586216896552 0.0793103458275862 0.0689655182413793 0.0655172423793104 0.0586206906551724 0.0551724147931035 0.0517241389310345 0.0517241389310345 0.0448275872068966 0.0413793113448276 0.0379310354827586 0.0344827596206897 0.0310344837586207 0.0241379320344828 0.0206896561724138
0.0603248269860789 0.0626450126009281 0.0614849197935035 0.0603248269860789 0.0591647341786543 0.0626450126009281 0.0603248269860789 0.0603248269860789 0.0614849197935035 0.0638051054083527 0.0626450126009281 0.0614849197935035 0.0661252910232018 0.0649651982157773 0.0661252910232018 0.0661252910232018
0.798387097774193 0.00806451712903226 0.00806451712903226 0.0161290332580645 0.0241935493870968 0.0161290332580645 0.0241935493870968 0.00806451712903226 0.0161290332580645 0.0161290332580645 0.0161290332580645 0.000000001 0.0161290332580645 0.00806451712903226 0.0161290332580645 0.00806451712903226
0.0666666676666667 0.0666666676666667 0.0666666676666667 0.000000001 0.133333334333333 0.133333334333333 0.133333334333333 0.0666666676666667 0.0666666676666667 0.0666666676666667 0.000000001 0.000000001 0.000000001 0.0666666676666667 0.133333334333333 0.000000001
1.000000001 0.000000001 0.000000001 0.000000001 0.000000001 0.000000001 0.000000001 0.000000001 0.000000001 0.000000001 0.000000001 0.000000001 0.000000001 0.000000001 0.000000001 0.000000001
0.235443038974684 0.227848102265823 0.220253165556962 0.0481012668227848 0.0405063301139241 0.0354430389746835 0.0329113934050633 0.030379747835443 0.0253164566962025 0.020253165556962 0.020253165556962 0.0177215199873418 0.0151898744177215 0.0151898744177215 0.0151898744177215 0.000000001
