0.000000001 0.000000001 0.000000001 0.000000001 0.000000001 0.000000001 0.000000001 0.000000001 0.000000001 0.000000001 0.000000001 0.000000001 0.000000001 0.000000001 0.000000001 1.000000001
0.000000001 0.00386847295357834 0.0154738888143133 0.0154738888143133 0.0174081247911025 0.0212765967446809 0.0251450686982592 0.0406189565125725 0.0444874284661509 0.0676982601876209 0.0754352040947776 0.0909090919090909 0.110251451676983 0.147001935235977 0.137330755352031 0.187620890748549
0.000000001 0.000000001 0.000000001 0.000000001 0.000000001 0.000000001 0.000000001 0.000000001 0.000000001 0.000000001 0.000000001 0.000000001 0.000000001 0.000000001 0.000000001 1.000000001
0.00869565317391304 0.0260869575217391 0.0173913053478261 0.000000001 0.00869565317391304 0.000000001 0.00869565317391304 0.00869565317391304 0.00869565317391304 0.0260869575217391 0.000000001 0.000000001 0.00869565317391304 0.000000001 0.0260869575217391 0.852173914043478
0.0112219461371571 0.043640898755611 0.0610972578578554 0.0698254374089776 0.0773067341670823 0.0822942653391521 0.084788030925187 0.0835411481321696 0.0798004997531172 0.0760598513740648 0.0723192029950125 0.0648379062369077 0.0586034922718204 0.0548628438927681 0.0461346643416459 0.0336658364114713
0.002031145211239 0.0663507119004739 0.0663507119004739 0.0663507119004739 0.0656736638300609 0.0663507119004739 0.0663507119004739 0.0663507119004739 0.0670277599708869 0.0663507119004739 0.0656736638300609 0.0663507119004739 0.0670277599708869 0.0670277599708869 0.0670277599708869 0.0677048080412999
0.000000001 0.000000001 0.000000001 0.000000001 0.000000001 0.000000001 0.000000001 0.000000001 0.000000001 0.000000001 0.000000001 0.000000001 0.000000001 0.000000001 0.000000001 1.000000001
0.00348675134867504 0.0683403078340307 0.0683403078340307 0.0676429577642957 0.0662482576248257 0.0669456076945607 0.0669456076945607 0.0669456076945607 0.0669456076945607 0.0669456076945607 0.0669456076945607 0.0662482576248257 0.0648535574853557 0.0648535574853557 0.0648535574853557 0.0634588573458856
0.000000001 0.0666666676666667 0.0666666676666667 0.0666666676666667 0.0666666676666667 0.0666666676666667 0.0666666676666667 0.0666666676666667 0.0666666676666667 0.0666666676666667 0.0666666676666667 0.0666666676666667 0.0666666676666667 0.0666666676666667 0.0666666676666667 0.0666666676666667
0.0102459026393443 0.0122950829672131 0.0184426239508197 0.0286885255901639 0.0368852469016393 0.0409836075573771 0.0450819682131148 0.0532786895245902 0.0430327878852459 0.0881147550983607 0.0840163944426229 0.0922131157540984 0.104508197721311 0.108606558377049 0.116803279688525 0.116803279688525
0.000000001 0.000000001 0.000000001 0.000000001 0.000000001 0.000000001 0.000000001 0.000000001 0.000000001 0.000000001 0.000000001 0.000000001 0.000000001 0.000000001 0.000000001 1.000000001
0.000000001 0.000000001 0.000000001 0.000000001 0.000000001 0.000000001 0.000000001 0.000000001 0.000000001 0.000000001 0.000000001 0.000000001 0.000000001 0.000000001 0.000000001 1.000000001
0.000000001 0.00558659317877095 0.00837988926815642 0.0153631294916201 0.0223463697150838 0.032122906027933 0.0405027942960894 0.0502793306089385 0.0628491630111732 0.0768156434581006 0.0893854758603352 0.100558660217877 0.110335196530726 0.121508380888268 0.128491621111732 0.135474861335196
0.000000001 0.000000001 0.000000001 0.000000001 0.000000001 0.000000001 0.000000001 0.000000001 0.000000001 0.000000001 0.000000001 0.000000001 0.000000001 0.000000001 0.000000001 1.000000001
0.000000001 0.00909091009090909 0.000000001 0.000000001 0.000000001 0.0181818191818182 0.0181818191818182 0.00909091009090909 0.00909091009090909 0.00909091009090909 0.00909091009090909 0.000000001 0.00909091009090909 0.000000001 0.000000001 0.909090910090909
0.000000001 0.000000001 0.000000001 0.000000001 0.000000001 0.000000001 0.000000001 0.000000001 0.000000001 0.000000001 0.000000001 0.000000001 0.000000001 0.000000001 0.000000001 1.000000001
0.00300902808124373 0.0431293891644935 0.0481444342998997 0.0491474433269809 0.0511534613811434 0.0551654974894684 0.0581745245707121 0.0621865606790371 0.0631895697061183 0.0651955877602808 0.070210632895687 0.0732196599769308 0.0792377141394183 0.086258777328987 0.0932798405185557 0.0992978946810431
0.00342465853424658 0.0114155261141553 0.0228310512283105 0.0319634713196347 0.0399543388995434 0.045662101456621 0.0559360740593607 0.0639269416392694 0.0684931516849315 0.0787671242876712 0.0867579918675799 0.0901826494018265 0.0947488594474886 0.0970319644703196 0.103881279538813 0.105022832050228
0.000000001 0.0137566147566138 0.0380952390952381 0.0433862443862434 0.0486772496772487 0.0518518528518519 0.0592592602592593 0.0645502655502646 0.0698412708412698 0.0740740750740741 0.0783068793068783 0.0814814824814815 0.0835978845978836 0.091005292005291 0.0962962972962963 0.105820106820106
0.000000001 0.066711141760507 0.066711141760507 0.066711141760507 0.066711141760507 0.066711141760507 0.066711141760507 0.066711141760507 0.0660440303529019 0.066711141760507 0.066711141760507 0.066711141760507 0.066711141760507 0.066711141760507 0.066711141760507 0.066711141760507
