0.000000001 0.000000001 0.000000001 0.000000001 0.000000001 0.000000001 0.000000001 0.000000001 0.000000001 0.000000001 0.000000001 0.000000001 0.000000001 0.000000001 0.000000001 1.000000001
0.0572472604397077 0.0572472604397077 0.0584652872362972 0.0584652872362972 0.0584652872362972 0.0584652872362972 0.0572472604397077 0.0584652872362972 0.0584652872362972 0.0596833140328867 0.0584652872362972 0.0596833140328867 0.0584652872362972 0.0596833140328867 0.0596833140328867 0.121802680658953
0.0166666676666667 0.025000001 0.00833333433333333 0.00833333433333333 0.000000001 0.00833333433333333 0.00833333433333333 0.0333333343333333 0.00833333433333333 0.000000001 0.00833333433333333 0.00833333433333333 0.00833333433333333 0.0166666676666667 0.0166666676666667 0.825000001
0.00909091009090909 0.0181818191818182 0.00909091009090909 0.00909091009090909 0.000000001 0.000000001 0.00909091009090909 0.000000001 0.000000001 0.000000001 0.00909091009090909 0.00909091009090909 0.00909091009090909 0.00909091009090909 0.000000001 0.909090910090909
0.000000001 0.000000001 0.000000001 0.000000001 0.000000001 0.000000001 0.000000001 0.000000001 0.000000001 0.000000001 0.000000001 0.000000001 0.000000001 0.142011835319527 0.325443787982249 0.532544379698225
0.000000001 0.000000001 0.000000001 0.0199430209430199 0.0384615394615385 0.0441595451595442 0.0512820522820513 0.0598290608290598 0.066951567951567 0.0712250722250712 0.0783475793475784 0.0911680921680912 0.101139602139601 0.113960114960114 0.121082622082621 0.142450143450142
0.000000001 0.000000001 0.000000001 0.000000001 0.000000001 0.000000001 0.000000001 0.000000001 0.000000001 0.000000001 0.000000001 0.000000001 0.000000001 0.000000001 0.000000001 1.000000001
0.00145985501459854 0.00437956304379562 0.0116788331167883 0.0218978112189781 0.0306569353065693 0.0408759134087591 0.0525547455255474 0.0598540155985401 0.0700729937007299 0.0773722637737226 0.0861313878613139 0.0934306579343066 0.100729928007299 0.108029198080292 0.115328468153285 0.125547446255474
0.00138792605204719 0.0687022910763359 0.0673143660242887 0.0666204034982651 0.0673143660242887 0.0659264409722415 0.0680083285503123 0.0680083285503123 0.0673143660242887 0.0673143660242887 0.0666204034982651 0.0666204034982651 0.0659264409722415 0.0645385159201943 0.0645385159201943 0.0638445533941707
0.0087719308245614 0.0087719308245614 0.0087719308245614 0.0087719308245614 0.0175438606491228 0.0087719308245614 0.000000001 0.0087719308245614 0.0087719308245614 0.0087719308245614 0.0087719308245614 0.0087719308245614 0.0087719308245614 0.0087719308245614 0.0087719308245614 0.868421053631579
0.0158730168730159 0.00793650893650794 0.00793650893650794 0.0158730168730159 0.0158730168730159 0.0238095248095238 0.0158730168730159 0.0158730168730159 0.0158730168730159 0.00793650893650794 0.0158730168730159 0.0158730168730159 0.0158730168730159 0.0238095248095238 0.000000001 0.785714286714286
0.0265151525151515 0.0265151525151515 0.0303030313030303 0.0340909100909091 0.0303030313030303 0.0416666676666667 0.0378787888787879 0.0378787888787879 0.0340909100909091 0.0340909100909091 0.0378787888787879 0.0454545464545454 0.071969697969697 0.0946969706969697 0.113636364636364 0.303030304030303
0.000000001 0.000000001 0.000000001 0.000000001 0.000000001 0.000000001 0.000000001 0.000000001 0.000000001 0.000000001 0.000000001 0.000000001 0.000000001 0.036697248706422 0.0917431202660551 0.871559634027523
0.062500001 0.0618686878686869 0.0618686878686869 0.062500001 0.062500001 0.062500001 0.062500001 0.062500001 0.062500001 0.062500001 0.062500001 0.0631313141313131 0.062500001 0.062500001 0.062500001 0.0631313141313131
0.00884955852212389 0.000000001 0.00884955852212389 0.00884955852212389 0.0176991160442478 0.0265486735663717 0.00884955852212389 0.000000001 0.000000001 0.0176991160442478 0.000000001 0.000000001 0.00884955852212389 0.00884955852212389 0.00884955852212389 0.876106195690265
0.0191082812547771 0.0191082812547771 0.0254777080063694 0.0254777080063694 0.0254777080063694 0.0254777080063694 0.0318471347579618 0.0254777080063694 0.0254777080063694 0.0318471347579618 0.0318471347579618 0.0318471347579618 0.0254777080063694 0.0254777080063694 0.0254777080063694 0.605095542401274
0.0244698215546493 0.0228385001843393 0.0244698215546493 0.0261011429249592 0.0277324642952692 0.0309951070358891 0.034257749776509 0.0424143566280587 0.0505709634796085 0.0636215344420881 0.0750407840342577 0.0831973908858075 0.0913539977373573 0.112561175551387 0.132137031995106 0.158238173920065
0.120481928710843 0.0542168684698795 0.0120481937710843 0.00602409738554217 0.0120481937710843 0.0240963865421687 0.0180722901566265 0.0120481937710843 0.00602409738554217 0.0240963865421687 0.0180722901566265 0.0180722901566265 0.0662650612409639 0.072289157626506 0.072289157626506 0.463855422686747
0.0099009910990099 0.000000001 0.000000001 0.000000001 0.000000001 0.000000001 0.000000001 0.000000001 0.000000001 0.000000001 0.000000001 0.000000001 0.000000001 0.000000001 0.000000001 0.99009901090099
0.0255878294923928 0.0691562942226833 0.0691562942226833 0.0691562942226833 0.0691562942226833 0.0684647312904564 0.0691562942226833 0.0691562942226833 0.0691562942226833 0.0670816054260028 0.0650069166293223 0.0636237907648686 0.0622406649004149 0.0567081614426003 0.0553250355781466 0.0518672209170124
0.000000001 0.000000001 0.000000001 0.000000001 0.000000001 0.000000001 0.000000001 0.000000001 0.000000001 0.000000001 0.000000001 0.000000001 0.000000001 0.000000001 0.000000001 1.000000001
