0.0245901649344262 0.00819672231147541 0.0163934436229508 0.0163934436229508 0.0163934436229508 0.00819672231147541 0.00819672231147541 0.0163934436229508 0.00819672231147541 0.0163934436229508 0.00819672231147541 0.00819672231147541 0.0163934436229508 0.00819672231147541 0.0245901649344262 0.795081968213115
0.00147710587444609 0.00590842049778434 0.00738552537223043 0.0132939448700148 0.0251107838655835 0.0310192033633678 0.0369276228611521 0.0384047277355982 0.0502215667311669 0.051698671605613 0.085672083717873 0.116691286081241 0.128508125076809 0.127031020202363 0.134416544574594 0.146233383570162
0.00742574357425743 0.0222772287227723 0.0247524762475248 0.0297029712970297 0.0297029712970297 0.0297029712970297 0.0371287138712871 0.0396039613960396 0.0420792089207921 0.0495049514950495 0.0569306940693069 0.0693069316930693 0.0717821792178218 0.123762377237624 0.158415842584158 0.207920793079208
0.00272975532211101 0.0245677898989991 0.0464058244758872 0.0636942685159236 0.0682438590527752 0.0709736133748863 0.0727934495896269 0.0764331220191083 0.086442221200182 0.086442221200182 0.0855323030928116 0.0791628763412193 0.0746132858043676 0.0682438590527752 0.0545950874422202 0.0391264796169245
0.0163934436229508 0.000000001 0.00819672231147541 0.000000001 0.00819672231147541 0.0163934436229508 0.0163934436229508 0.0245901649344262 0.0163934436229508 0.00819672231147541 0.0327868862459016 0.0163934436229508 0.0163934436229508 0.0163934436229508 0.00819672231147541 0.795081968213115
0.00247524852475248 0.0198019811980198 0.0284653475346535 0.0358910901089109 0.0396039613960396 0.0433168326831683 0.0544554465445545 0.0581683178316832 0.0668316841683168 0.0767326742673267 0.0804455455544554 0.0878712881287129 0.0915841594158416 0.0891089118910891 0.103960397039604 0.121287129712871
0.000000001 0.00269905633063428 0.00269905633063428 0.00404858399595142 0.00404858399595142 0.0364372479635628 0.0796221332537112 0.0850202439149798 0.0985155205681511 0.101214575898785 0.102564103564103 0.0985155205681511 0.106612686560054 0.101214575898785 0.0958164652375169 0.0809716609190283
0.0140646986090014 0.0154711683699015 0.0182841078917018 0.0239099869353024 0.0323488055007032 0.0421940938270042 0.0492264426315049 0.060478200718706 0.0745428983277075 0.0787623076104079 0.0829817168931083 0.0914205354585091 0.0970464145021097 0.10407876330661 0.108298172589311 0.106891702828411
0.0785219409538106 0.0762124721316397 0.0750577377205543 0.0727482688983834 0.069284065665127 0.0681293312540416 0.0646651280207852 0.0646651280207852 0.0612009247875289 0.0600461903764434 0.0600461903764434 0.0577367215542725 0.0565819871431871 0.0508083150877598 0.0473441118545035 0.0369515021547344
0.000000001 0.000000001 0.000000001 0.000000001 0.000000001 0.000000001 0.000000001 0.000000001 0.000000001 0.000000001 0.000000001 0.000000001 0.000000001 0.000000001 0.393939394939394 0.606060607060606
0.0337078661685393 0.0280898886404494 0.0280898886404494 0.0280898886404494 0.0280898886404494 0.0280898886404494 0.0280898886404494 0.0280898886404494 0.0280898886404494 0.0280898886404494 0.0224719111123595 0.0224719111123595 0.0224719111123595 0.0337078661685393 0.050561798752809 0.561797753808989
0.00340136154421769 0.00680272208843538 0.00680272208843538 0.0102040826326531 0.0136054431768707 0.0272108853537415 0.0272108853537415 0.0272108853537415 0.0272108853537415 0.054421769707483 0.0510204091632653 0.0612244907959184 0.0714285724285714 0.0782312935170068 0.26530612344898 0.268707483993197
0.000000001 0.000000001 0.000000001 0.000000001 0.000000001 0.000000001 0.000000001 0.000000001 0.000000001 0.000000001 0.000000001 0.000000001 0.000000001 0.000000001 0.000000001 1.000000001
0.000000001 0.000000001 0.000000001 0.000000001 0.000000001 0.000000001 0.000000001 0.000000001 0.000000001 0.000000001 0.000000001 0.000000001 0.000000001 0.000000001 0.000000001 1.000000001
0.000000001 0.000000001 0.000000001 0.000000001 0.000000001 0.000000001 0.000000001 0.000000001 0.000000001 0.000000001 0.000000001 0.000000001 0.000000001 0.000000001 0.000000001 1.000000001
0.00632411167193676 0.0774703567312253 0.075098815229249 0.0727272737272727 0.0687747045573122 0.0695652183913043 0.066403163055336 0.0656126492213439 0.0632411077193676 0.0640316215533597 0.0640316215533597 0.0648221353873518 0.0648221353873518 0.0632411077193676 0.0600790523833992 0.0537549417114625
0.000000001 0.000000001 0.000000001 0.000000001 0.000000001 0.000000001 0.000000001 0.000000001 0.000000001 0.000000001 0.000000001 0.000000001 0.000000001 0.000000001 0.000000001 1.000000001
0.000000001 0.0169811330754717 0.0169811330754717 0.0150943406226415 0.0169811330754717 0.0113207557169811 0.00943396326415094 0.0150943406226415 0.0358490576037736 0.0679245293018868 0.0924528311886793 0.111320755716981 0.126415095339623 0.141509434962264 0.152830189679245 0.169811321754717
0.0110619479026549 0.0737463136843658 0.0700589980501475 0.0693215349233038 0.0685840717964602 0.0678466086696165 0.0678466086696165 0.0671091455427729 0.0663716824159292 0.0641592930353982 0.0641592930353982 0.0634218299085546 0.0626843667817109 0.0619469036548672 0.0612094405280236 0.0604719774011799
0.0316455706202532 0.0474683554303797 0.0632911402405063 0.0411392415063291 0.0443037984683544 0.0474683554303797 0.0443037984683544 0.0379746845443038 0.0474683554303797 0.0474683554303797 0.0632911402405063 0.0506329123924051 0.0443037984683544 0.0474683554303797 0.0379746845443038 0.30379746935443
0.0198952889581152 0.0282722523089005 0.0366492156596859 0.0429319381727749 0.050261781104712 0.0534031423612565 0.0596858648743455 0.0649214669685864 0.0659685873874346 0.0701570690628272 0.0722513099005235 0.0795811528324607 0.0837696345078534 0.0879581161832461 0.0910994774397906 0.0931937182774869
0.000000001 0.00803858620900322 0.0659163997138264 0.067524116755627 0.0683279752765273 0.069935692318328 0.0691318337974277 0.0683279752765273 0.0715434093601286 0.0731511264019293 0.0723472678810289 0.0731511264019293 0.0715434093601286 0.0723472678810289 0.0731511264019293 0.0755627019646302
0.00793650893650794 0.00793650893650794 0.0238095248095238 0.00793650893650794 0.00793650893650794 0.0238095248095238 0.0238095248095238 0.0158730168730159 0.00793650893650794 0.0158730168730159 0.0158730168730159 0.0158730168730159 0.0158730168730159 0.0158730168730159 0.00793650893650794 0.785714286714286
0.00699300799300699 0.00932401032400932 0.0116550126550117 0.00932401032400932 0.013986014986014 0.0116550126550117 0.013986014986014 0.0163170173170163 0.0186480196480186 0.0163170173170163 0.0163170173170163 0.0163170173170163 0.195804196804196 0.205128206128205 0.216783217783217 0.221445222445221
0.00196463754223969 0.00982318371119843 0.0117878202534381 0.0137524567956778 0.0137524567956778 0.0157170933379175 0.0176817298801572 0.0235756395068762 0.0275049125913556 0.037328095302554 0.0609037338094303 0.0962671915697446 0.145383105125737 0.163064834005894 0.176817289801572 0.18467583597053
