0.000000001 0.0833333343333333 0.125000001 0.0833333343333333 0.0416666676666667 0.0833333343333333 0.0833333343333333 0.0416666676666667 0.0416666676666667 0.0833333343333333 0.0416666676666667 0.0416666676666667 0.0833333343333333 0.0416666676666667 0.0833333343333333 0.0416666676666667
0.763358779625954 0.00763358878625954 0.000000001 0.000000001 0.0152671765725191 0.0152671765725191 0.00763358878625954 0.0305343521450382 0.0305343521450382 0.0305343521450382 0.0305343521450382 0.0305343521450382 0.0152671765725191 0.000000001 0.0152671765725191 0.00763358878625954
0.019434629975265 0.0371024744982332 0.0441696123074205 0.0583038879257951 0.0636042412826855 0.0600706723780919 0.0636042412826855 0.0830388702579505 0.0724381635441696 0.0795053013533569 0.0653710257349823 0.0795053013533569 0.0706713790918728 0.0777385169010601 0.0512367501166078 0.0742049479964664
0.000000001 0.000000001 0.000000001 0.000000001 0.000000001 0.000000001 0.000000001 0.000000001 0.000000001 0.000000001 0.000000001 0.000000001 0.000000001 0.000000001 0.000000001 1.000000001
0.892857143857143 0.00892857242857143 0.000000001 0.00892857242857143 0.000000001 0.00892857242857143 0.00892857242857143 0.00892857242857143 0.00892857242857143 0.00892857242857143 0.00892857242857143 0.00892857242857143 0.00892857242857143 0.00892857242857143 0.00892857242857143 0.000000001
0.0640522885816994 0.0640522885816994 0.0588235304117647 0.0601307199542484 0.0588235304117647 0.0627450990392157 0.061437909496732 0.065359478124183 0.061437909496732 0.065359478124183 0.0640522885816994 0.061437909496732 0.0640522885816994 0.0627450990392157 0.0627450990392157 0.0627450990392157
0.000000001 0.000000001 0.000000001 0.000000001 0.000000001 0.000000001 0.000000001 0.000000001 0.000000001 0.000000001 0.000000001 0.015625001 0.0729166676666667 0.187500001 0.270833334333333 0.453125001
0.0252100850336134 0.0168067236890756 0.0168067236890756 0.0168067236890756 0.00840336234453782 0.00840336234453782 0.00840336234453782 0.0168067236890756 0.0168067236890756 0.000000001 0.00840336234453782 0.00840336234453782 0.000000001 0.000000001 0.00840336234453782 0.840336135453781
0.0129224662087475 0.0188866809204771 0.0278330029880716 0.0337972176998012 0.0397614324115308 0.0467196829085487 0.0556660049761431 0.0646123270437376 0.0745526848966203 0.0825049711789264 0.0894632216759443 0.0894632216759443 0.0894632216759443 0.0904572574612326 0.0914512932465209 0.0924453290318091
0.0280612254897959 0.0318877561020408 0.0344387765102041 0.0395408173265306 0.0446428581428571 0.0471938785510204 0.0522959193673469 0.0573979601836735 0.062500001 0.0688775520204082 0.0752551030408163 0.0803571438571429 0.086734694877551 0.0931122458979592 0.0969387765102041 0.100765307122449
0.00303336803741153 0.0252780596450961 0.032355916065723 0.0374115277947422 0.0455005065611729 0.0475227512527806 0.051567240635996 0.0586450970566228 0.0697674428604651 0.076845299281092 0.0839231557017189 0.0889787674307381 0.0910010121223458 0.0930232568139535 0.096056623851365 0.0990899908887765
0.0277008320249307 0.03601108133241 0.0415512475373961 0.0457063721911357 0.0512465383961219 0.0637119123573407 0.0775623278698061 0.0844875356260388 0.0941828264847645 0.0886426602797784 0.0817174525235457 0.0761772863185596 0.0706371201135734 0.0637119123573407 0.0526315799473684 0.0443213306398892
1.000000001 0.000000001 0.000000001 0.000000001 0.000000001 0.000000001 0.000000001 0.000000001 0.000000001 0.000000001 0.000000001 0.000000001 0.000000001 0.000000001 0.000000001 0.000000001
