0.000000001 0.000000001 0.000000001 0.000000001 0.000000001 0.000000001 0.000000001 0.000000001 0.000000001 0.000000001 0.000000001 0.000000001 0.000000001 0.000000001 0.000000001 1.000000001
0.00367917686460633 0.0669610017358352 0.0669610017358352 0.0684326720816777 0.0654893313899926 0.0669610017358352 0.0662251665629139 0.061074320352465 0.0632818258712288 0.0676968369087564 0.0662251665629139 0.069168507254599 0.0654893313899926 0.0684326720816777 0.0684326720816777 0.0654893313899926
0.00244498877506112 0.0529747361263244 0.0537897320513447 0.0537897320513447 0.0603096994515077 0.0611246953765281 0.0635696831515892 0.0643846790766096 0.071719642401793 0.0700896505517522 0.0725346383268134 0.0741646301768541 0.0733496342518337 0.0725346383268134 0.0749796261018745 0.078239609801956
0.0496108959416342 0.0554474718171206 0.0554474718171206 0.0573929971089494 0.0583657597548638 0.0622568103385214 0.0622568103385214 0.0680933862140078 0.0671206235680934 0.0690661488599222 0.0700389115058366 0.0700389115058366 0.0680933862140078 0.0651750982762646 0.0622568103385214 0.0593385224007782
0.0861372822920592 0.0565275918479139 0.0605652769084791 0.0646029619690444 0.0619111719286676 0.0659488569892328 0.063257066948856 0.0646029619690444 0.0646029619690444 0.063257066948856 0.063257066948856 0.063257066948856 0.063257066948856 0.0524899067873486 0.0417227466258412 0.0646029619690444
0.023489933885906 0.034675616212528 0.0413870256085011 0.0536912761677852 0.052572707935123 0.0570469808657718 0.0615212537964206 0.0615212537964206 0.0738255043557047 0.0704697996577181 0.0715883678903803 0.0715883678903803 0.0749440725883669 0.0782997772863535 0.0861297549149888 0.087248323147651
0.025974026974026 0.0306965771511216 0.0401416775053129 0.0436835901381346 0.0495867778595041 0.0625737908465171 0.0672963410236127 0.0684769785678866 0.0720188912007084 0.0708382536564345 0.0731995287449823 0.0791027164663518 0.0826446290991735 0.0802833540106257 0.0779220789220779 0.0755608038335301
0.0798611121111111 0.0798611121111111 0.0729166676666667 0.0821759269259259 0.0810185195185185 0.0798611121111111 0.0717592602592593 0.0729166676666667 0.0706018528518518 0.0671296306296296 0.0578703713703704 0.0543981491481481 0.0451388898888889 0.0358796306296296 0.031250001 0.0173611121111111
0.057504874294347 0.057504874294347 0.0584795331637427 0.057504874294347 0.057504874294347 0.0584795331637427 0.0604288509025341 0.0614035097719298 0.0614035097719298 0.0633528275107213 0.0633528275107213 0.064327486380117 0.0662768041189084 0.0682261218576998 0.0711500984658869 0.0730994162046784
0.0201072396058981 0.0388739956380697 0.0549597865227882 0.0656836471126005 0.0670241296863271 0.0670241296863271 0.0670241296863271 0.0670241296863271 0.0683646122600536 0.0683646122600536 0.0683646122600536 0.0683646122600536 0.0697050948337802 0.0697050948337802 0.0697050948337802 0.0697050948337802
0.0217391314347826 0.0217391314347826 0.0260869575217391 0.0260869575217391 0.0260869575217391 0.0260869575217391 0.0304347836086957 0.0391304357826087 0.0478260879565217 0.0434782618695652 0.0478260879565217 0.0521739140434783 0.0478260879565217 0.0521739140434783 0.0565217401304348 0.434782609695652
0.00606980373141123 0.0121396064628225 0.0182094091942337 0.0257966626084977 0.0409711694370258 0.0500758735341426 0.0637329296798179 0.0758725351426404 0.078907436508346 0.0804248871911988 0.0880121406054628 0.0971168447025797 0.104704098116844 0.0955993940197269 0.0819423378740516 0.0804248871911988
0.000000001 0.0666666676666667 0.0666666676666667 0.0666666676666667 0.0666666676666667 0.0666666676666667 0.0666666676666667 0.0666666676666667 0.0666666676666667 0.0666666676666667 0.0666666676666667 0.0666666676666667 0.0666666676666667 0.0666666676666667 0.0666666676666667 0.0666666676666667
0.0150214602274678 0.0150214602274678 0.0150214602274678 0.0150214602274678 0.01931330572103 0.0300429194549356 0.0343347649484979 0.0472103014291845 0.0622317606566524 0.0708154516437768 0.0793991426309013 0.092274679111588 0.100858370098712 0.109442061085837 0.120171674819743 0.17381974348927
0.0333333343333333 0.0365079375079365 0.0444444454444445 0.0396825406825397 0.0587301597301587 0.0587301597301587 0.073015874015873 0.073015874015873 0.0746031756031746 0.0825396835396826 0.0841269851269841 0.0873015883015873 0.0857142867142857 0.0634920644920635 0.0555555565555556 0.0492063502063492
0.000000001 0.00192307792307692 0.00384615484615385 0.00576923176923077 0.00576923176923077 0.00769230869230769 0.00769230869230769 0.00961538561538462 0.0269230779230769 0.0615384625384615 0.0923076933076923 0.117307693307692 0.136538462538462 0.161538462538462 0.180769231769231 0.180769231769231
0.000000001 0.000000001 0.000000001 0.000000001 0.000000001 0.000000001 0.000000001 0.000000001 0.000000001 0.000000001 0.000000001 0.000000001 0.000000001 0.000000001 0.000000001 1.000000001
0.138783270961977 0.127376426855513 0.123574145486692 0.123574145486692 0.123574145486692 0.125475286171103 0.108365020011407 0.0171102671596958 0.0171102671596958 0.0190114078441065 0.0190114078441065 0.0171102671596958 0.00950570442205323 0.0114068451064639 0.00950570442205323 0.00950570442205323
0.0177664984619289 0.0101522852639594 0.0126903563299492 0.0126903563299492 0.0126903563299492 0.0126903563299492 0.0126903563299492 0.0126903563299492 0.0101522852639594 0.0126903563299492 0.0152284273959391 0.131979696431472 0.147208122827411 0.16497462028934 0.190355330949239 0.223350254807107
0.0158924215378973 0.0635696831515892 0.0647921770391198 0.0635696831515892 0.0635696831515892 0.0635696831515892 0.0647921770391198 0.0660146709266504 0.0660146709266504 0.0647921770391198 0.0672371648141809 0.0684596587017115 0.0684596587017115 0.0672371648141809 0.0660146709266504 0.0660146709266504
0.000000001 0.000000001 0.000000001 0.000000001 0.000000001 0.000000001 0.000000001 0.000000001 0.000000001 0.000000001 0.000000001 0.000000001 0.000000001 0.306859206776173 0.332129964898917 0.36101083132491
0.0798569735864124 0.0774731833599523 0.0762812882467223 0.0738974980202622 0.0738974980202622 0.0715137077938021 0.067938022454112 0.065554232227652 0.0631704420011919 0.0595947566615018 0.0595947566615018 0.0548271762085816 0.0512514908688915 0.0512514908688915 0.0417163299630512 0.032181169057211
0.0460526325789474 0.049812031075188 0.0479323318270677 0.0479323318270677 0.0488721814511278 0.049812031075188 0.068609023556391 0.0695488731804511 0.0723684220526316 0.0695488731804511 0.0667293243082707 0.0704887228045113 0.0723684220526316 0.0723684220526316 0.0742481213007519 0.0733082716766917
0.000000001 0.000000001 0.000000001 0.000000001 0.000000001 0.000000001 0.000000001 0.000000001 0.000000001 0.000000001 0.000000001 0.000000001 0.000000001 0.000000001 0.000000001 1.000000001
0.0617786839599457 0.0624575705858792 0.0631364572118126 0.0624575705858792 0.0624575705858792 0.0631364572118126 0.0638153438377461 0.0638153438377461 0.0644942304636796 0.0624575705858792 0.0624575705858792 0.0617786839599457 0.0624575705858792 0.0617786839599457 0.0610997973340122 0.0604209107080787
