0.00212014234275618 0.0628975275017668 0.0664310964063604 0.0664310964063604 0.0664310964063604 0.0671378101872792 0.0664310964063604 0.0643109550636042 0.0671378101872792 0.0671378101872792 0.0678445239681979 0.0664310964063604 0.0671378101872792 0.0664310964063604 0.0678445239681979 0.0678445239681979
0.0567190236876091 0.0549738229895288 0.0610820254328098 0.0584642243856894 0.0584642243856894 0.0584642243856894 0.0584642243856894 0.0619546257818499 0.0636998264799302 0.0636998264799302 0.06282722613089 0.0636998264799302 0.068935428574171 0.0680628282251309 0.0706806292722513 0.0698080289232112
0.00122399120807834 0.0648714820281518 0.0636474918200734 0.0636474918200734 0.0636474918200734 0.0648714820281518 0.0636474918200734 0.0648714820281518 0.0636474918200734 0.0648714820281518 0.0660954722362301 0.0611995114039168 0.0611995114039168 0.0575275407796818 0.0575275407796818 0.11750306097552
0.00833333433333333 0.0166666676666667 0.00833333433333333 0.0166666676666667 0.0166666676666667 0.0166666676666667 0.0166666676666667 0.0166666676666667 0.0166666676666667 0.000000001 0.0166666676666667 0.000000001 0.025000001 0.0166666676666667 0.00833333433333333 0.800000001
0.0238095248095238 0.0317460327460317 0.0238095248095238 0.000000001 0.0238095248095238 0.0158730168730159 0.0238095248095238 0.00793650893650794 0.000000001 0.0158730168730159 0.00793650893650794 0.00793650893650794 0.00793650893650794 0.00793650893650794 0.00793650893650794 0.793650794650794
0.006400001 0.017600001 0.024000001 0.030400001 0.035200001 0.043200001 0.052800001 0.062400001 0.065600001 0.072000001 0.076800001 0.084800001 0.096000001 0.100800001 0.110400001 0.121600001
0.000000001 0.0158730168730159 0.0238095248095238 0.0238095248095238 0.00793650893650794 0.0158730168730159 0.0238095248095238 0.0317460327460317 0.00793650893650794 0.0158730168730159 0.00793650893650794 0.00793650893650794 0.00793650893650794 0.0158730168730159 0.00793650893650794 0.785714286714286
0.000000001 0.0087719308245614 0.0087719308245614 0.0087719308245614 0.0087719308245614 0.0087719308245614 0.0087719308245614 0.0087719308245614 0.0087719308245614 0.0087719308245614 0.0087719308245614 0.0087719308245614 0.0087719308245614 0.0087719308245614 0.0087719308245614 0.87719298345614
0.000000001 0.000000001 0.000000001 0.000000001 0.0321100927431193 0.0481651386146789 0.0504587165963303 0.0527522945779816 0.0619266065045872 0.0596330285229358 0.0917431202660551 0.107798166137615 0.107798166137615 0.114678900082569 0.130733945954128 0.142201835862385
0.0186915897850467 0.0186915897850467 0.000000001 0.00934579539252336 0.00934579539252336 0.00934579539252336 0.000000001 0.000000001 0.000000001 0.00934579539252336 0.000000001 0.00934579539252336 0.00934579539252336 0.000000001 0.00934579539252336 0.897196262682243
0.00663716914159292 0.0154867266637168 0.0199115054247788 0.0265486735663717 0.0353982310884956 0.0464601779911504 0.0530973461327434 0.0597345142743363 0.0663716824159292 0.0752212399380531 0.084070797460177 0.0951327443628319 0.103982301884956 0.106194691265487 0.103982301884956 0.101769912504425
0.0361990960226244 0.0452488697782805 0.0407239829004525 0.0407239829004525 0.0361990960226244 0.0407239829004525 0.0452488697782805 0.0361990960226244 0.0361990960226244 0.0407239829004525 0.0407239829004525 0.0588235304117647 0.0452488697782805 0.0361990960226244 0.0361990960226244 0.384615385615385
0.0348432065749129 0.0662020915923345 0.0644599313135888 0.0696864121498258 0.0801393738222996 0.0679442518710801 0.078397213543554 0.0818815341010453 0.0853658546585366 0.0801393738222996 0.0749128929860627 0.0696864121498258 0.0522648093623693 0.048780488804878 0.0261324051811847 0.0191637640662021
0.00833333433333333 0.025000001 0.0263888898888889 0.0319444454444444 0.0333333343333333 0.0416666676666667 0.050000001 0.0597222232222222 0.0666666676666667 0.0708333343333333 0.0763888898888889 0.0861111121111111 0.0902777787777778 0.100000001 0.111111112111111 0.122222223222222
0.000000001 0.0148619967537155 0.0169851390042463 0.0212314235053079 0.029723992507431 0.0424628460106157 0.0573248417643312 0.0806794065201698 0.0955414022738854 0.10828025577707 0.116772824779193 0.123142251530786 0.125265393781316 0.0976645445244161 0.0552016995138004 0.0148619967537155
