0.0631578957368421 0.0631578957368421 0.0615384625384615 0.0623481791376518 0.0615384625384615 0.0623481791376518 0.0623481791376518 0.0615384625384615 0.0631578957368421 0.0631578957368421 0.0631578957368421 0.0631578957368421 0.0639676123360324 0.0623481791376518 0.0615384625384615 0.0615384625384615
0.0135135145135135 0.0540540550540541 0.0521235531235521 0.0694980704980695 0.0656370666370656 0.0637065647065637 0.0675675685675676 0.0598455608455599 0.084942085942085 0.0694980704980695 0.0752895762895753 0.0637065647065637 0.0752895762895753 0.0656370666370656 0.0656370666370656 0.0540540550540541
0.0121212131212121 0.0348484858484849 0.0454545464545455 0.053030304030303 0.0606060616060606 0.0621212131212121 0.0636363646363636 0.0621212131212121 0.0651515161515152 0.0606060616060606 0.0636363646363636 0.0590909100909091 0.0651515161515152 0.0712121222121212 0.0696969706969697 0.151515152515152
0.0685111999459816 0.0711462460592885 0.0566534924361001 0.0606060616060606 0.0632411077193676 0.0592885385494071 0.0566534924361001 0.0553359693794466 0.0513834002094862 0.0592885385494071 0.0645586307760211 0.072463769115942 0.072463769115942 0.0685111999459816 0.0645586307760211 0.0553359693794466
0.0665844646251541 0.0690505558705302 0.0690505558705302 0.0752157839839704 0.0776818752293465 0.0752157839839704 0.0764488296066585 0.0665844646251541 0.0653514190024661 0.0653514190024661 0.0641183733797781 0.0604192365117139 0.0542540083982737 0.0480887802848335 0.0394574609260173 0.0271270046991369
0.000000001 0.111856824266219 0.111856824266219 0.111856824266219 0.0906040278456376 0.0883668913803132 0.0760626408210291 0.0671140949597315 0.0615212537964206 0.0559284126331096 0.0492170032371365 0.0447427303064877 0.0413870256085011 0.0357941844451902 0.0302013432818792 0.023489933885906
0.0654205617476635 0.0640854482630173 0.0640854482630173 0.0640854482630173 0.0627503347783712 0.0627503347783712 0.0627503347783712 0.061415221293725 0.061415221293725 0.061415221293725 0.061415221293725 0.061415221293725 0.0627503347783712 0.061415221293725 0.061415221293725 0.061415221293725
0.0767772521848341 0.0540284370189573 0.0540284370189573 0.0597156408104265 0.0654028446018957 0.0625592427061611 0.0616113754075829 0.0710900483933649 0.0644549773033175 0.0625592427061611 0.0597156408104265 0.0549763043175355 0.0540284370189573 0.0540284370189573 0.0663507119004739 0.0786729867819905
0.0343347649484979 0.0343347649484979 0.0443490711001431 0.0515021469227468 0.0658082985679542 0.0701001440615164 0.0743919895550787 0.0743919895550787 0.0715307592260372 0.0701001440615164 0.067238913732475 0.0701001440615164 0.0658082985679542 0.067238913732475 0.0686695288969957 0.0701001440615164
0.00396039703960396 0.00594059505940594 0.00594059505940594 0.0138613871386139 0.0138613871386139 0.0257425752574257 0.0316831693168317 0.0594059415940594 0.0673267336732673 0.0712871297128713 0.0831683178316832 0.0910891099108911 0.106930694069307 0.122772278227723 0.142574258425743 0.154455446544554
0.0620253174556962 0.0620253174556962 0.0607594946708861 0.0607594946708861 0.0632911402405063 0.0607594946708861 0.0632911402405063 0.0620253174556962 0.0607594946708861 0.0620253174556962 0.0632911402405063 0.0658227858101266 0.0658227858101266 0.0620253174556962 0.0620253174556962 0.0632911402405063
0.0166666676666667 0.0229166676666667 0.0270833343333333 0.031250001 0.0416666676666667 0.056250001 0.062500001 0.0666666676666667 0.0645833343333333 0.068750001 0.075000001 0.087500001 0.093750001 0.0979166676666667 0.0958333343333333 0.0916666676666667
0.000000001 0.000000001 0.000000001 0.000000001 0.000000001 0.000000001 0.000000001 0.0192307702307692 0.0384615394615385 0.062500001 0.100961539461538 0.144230770230769 0.180288462538462 0.209134616384615 0.151442308692308 0.093750001
0.0681536565142503 0.0693928138872367 0.0681536565142503 0.0669144991412639 0.0669144991412639 0.0669144991412639 0.0644361843952912 0.0644361843952912 0.0644361843952912 0.0644361843952912 0.0607187122763321 0.0557620827843866 0.0557620827843866 0.0582403975303594 0.0545229254114002 0.0508054532924411
0.062500001 0.062500001 0.062500001 0.062500001 0.062500001 0.062500001 0.062500001 0.062500001 0.062500001 0.062500001 0.062500001 0.062500001 0.062500001 0.062500001 0.062500001 0.062500001
0.0535714295714286 0.0510204091632653 0.0471938785510204 0.0459183683469388 0.0471938785510204 0.0510204091632653 0.0561224499795918 0.0637755112040816 0.0714285724285714 0.0739795928367347 0.0714285724285714 0.0637755112040816 0.0739795928367347 0.0752551030408163 0.076530613244898 0.0778061234489796
0.0178571438571429 0.062500001 0.0647321438571428 0.062500001 0.0647321438571428 0.0669642867142857 0.0647321438571428 0.062500001 0.062500001 0.0691964295714286 0.0602678581428571 0.0647321438571428 0.0714285724285714 0.0736607152857143 0.0669642867142857 0.0647321438571428
0.0665163482378805 0.0710259311014656 0.0698985353855693 0.0676437439537768 0.0665163482378805 0.0642615568060879 0.0642615568060879 0.0631341610901917 0.0631341610901917 0.0608793696583991 0.0608793696583991 0.0597519739425028 0.0574971825107103 0.056369786794814 0.0541149953630214 0.0541149953630214
0.0028328621898017 0.000000001 0.0679886695552408 0.0679886695552408 0.0694051001501416 0.0694051001501416 0.0694051001501416 0.0694051001501416 0.0694051001501416 0.0722379613399433 0.0694051001501416 0.0694051001501416 0.0623229471756374 0.0694051001501416 0.0779036837195468 0.0934844202634561
0.000000001 0.0018018028018018 0.0018018028018018 0.0036036046036036 0.0018018028018018 0.0144144154144144 0.0288288298288288 0.0486486496486487 0.0864864874864865 0.104504505504505 0.102702703702703 0.104504505504505 0.10990991090991 0.122522523522523 0.131531532531532 0.136936937936937
