0.027027028027027 0.0202702712702703 0.027027028027027 0.0202702712702703 0.027027028027027 0.0202702712702703 0.027027028027027 0.027027028027027 0.027027028027027 0.0202702712702703 0.0202702712702703 0.0202702712702703 0.0202702712702703 0.0202702712702703 0.027027028027027 0.648648649648649
0.0136861323868613 0.0136861323868613 0.0264598550145985 0.0301094900510949 0.0492700739927007 0.0501824827518248 0.0666058404160584 0.0693430666934307 0.0802919718029197 0.0793795630437956 0.0903284681532847 0.0839416068394161 0.0857664243576642 0.0857664243576642 0.0903284681532847 0.0848540155985401
0.000000001 0.000000001 0.000000001 0.000000001 0.000000001 0.000000001 0.000000001 0.000000001 0.000000001 0.000000001 0.000000001 0.000000001 0.000000001 0.000000001 0.000000001 1.000000001
0.000000001 0.0374574357332577 0.036322361953462 0.0351872881736663 0.0351872881736663 0.036322361953462 0.0374574357332577 0.054483542430193 0.0556186162099886 0.0567536899897843 0.05788876376958 0.111237231419977 0.111237231419977 0.110102157640182 0.111237231419977 0.113507378979569
0.0241935493870968 0.00806451712903226 0.00806451712903226 0.0241935493870968 0.0161290332580645 0.0241935493870968 0.00806451712903226 0.0161290332580645 0.000000001 0.0161290332580645 0.00806451712903226 0.0161290332580645 0.00806451712903226 0.0161290332580645 0.00806451712903226 0.798387097774193
0.0544629359470499 0.0559757952511346 0.0544629359470499 0.0559757952511346 0.0559757952511346 0.0559757952511346 0.0559757952511346 0.0620272324674735 0.0635400917715582 0.065052951075643 0.0680786696838124 0.0680786696838124 0.0680786696838124 0.0695915289878971 0.0726172475960666 0.0741301069001513
0.0531286904923259 0.0554899655808737 0.0543093280365998 0.0602125157579693 0.0602125157579693 0.0672963410236127 0.0708382536564345 0.0779220789220779 0.076741441377804 0.0779220789220779 0.0779220789220779 0.0661157034793388 0.0613931533022432 0.050767415403778 0.0460448652266824 0.0436835901381346
0.0363247873247863 0.0512820522820513 0.0534188044188034 0.0555555565555556 0.0598290608290598 0.0662393172393162 0.0683760693760684 0.0662393172393162 0.0726495736495727 0.0747863257863248 0.0662393172393162 0.0769230779230769 0.061965812965812 0.0662393172393162 0.0662393172393162 0.0576923086923077
0.000000001 0.000000001 0.000000001 0.000000001 0.000000001 0.0215311014784689 0.0406698574593301 0.069377991430622 0.0717703359282297 0.0789473694210526 0.0813397139186603 0.0956937809043062 0.11244019238756 0.124401914875598 0.141148326358852 0.162679426837321
0.0668485685306958 0.0668485685306958 0.0668485685306958 0.0641200555702592 0.0613915426098226 0.0627557990900409 0.0613915426098226 0.0613915426098226 0.0613915426098226 0.0613915426098226 0.0600272861296044 0.0613915426098226 0.0613915426098226 0.0613915426098226 0.0613915426098226 0.0600272861296044
0.00594353740416048 0.0104011897072808 0.0178306102124814 0.025260030717682 0.0356612194249629 0.0430906399301634 0.0475482922332838 0.0579494809405646 0.0638930173447251 0.0713224378499257 0.0772659742540862 0.087667162961367 0.0980683516686478 0.108469540375929 0.11887072908321 0.13075780189153
0.000000001 0.000000001 0.000000001 0.000000001 0.000000001 0.000000001 0.000000001 0.000000001 0.000000001 0.000000001 0.000000001 0.000000001 0.000000001 0.000000001 0.000000001 1.000000001
0.0619235846627141 0.0619235846627141 0.0619235846627141 0.0606060616060606 0.0619235846627141 0.0619235846627141 0.0619235846627141 0.0619235846627141 0.0632411077193676 0.0632411077193676 0.0632411077193676 0.0632411077193676 0.0632411077193676 0.0632411077193676 0.0632411077193676 0.0632411077193676
0.0586034922718204 0.057356609478803 0.0610972578578554 0.0610972578578554 0.0610972578578554 0.0610972578578554 0.0610972578578554 0.0623441406508728 0.0623441406508728 0.0635910234438903 0.0635910234438903 0.0648379062369077 0.0648379062369077 0.0648379062369077 0.0660847890299252 0.0660847890299252
0.27355623200304 0.106382979723404 0.0455927061671733 0.0303951377781155 0.0182370830668693 0.0182370830668693 0.0151975693890578 0.0182370830668693 0.0121580557112462 0.00911854203343465 0.0182370830668693 0.0243161104224924 0.033434651455927 0.0425531924893617 0.0729483292674772 0.261398177291793
0.000000001 0.000000001 0.000000001 0.000000001 0.000000001 0.000000001 0.000000001 0.000000001 0.000000001 0.000000001 0.000000001 0.000000001 0.000000001 0.000000001 0.000000001 1.000000001
0.000000001 0.00347222322222222 0.0208333343333333 0.0347222232222222 0.0451388898888889 0.0729166676666667 0.100694445444444 0.114583334333333 0.100694445444444 0.0972222232222222 0.0798611121111111 0.093750001 0.0972222232222222 0.0833333343333333 0.0451388898888889 0.0104166676666667
0.0508054532924411 0.0532837680384139 0.0508054532924411 0.0545229254114002 0.0532837680384139 0.0545229254114002 0.057001240157373 0.0644361843952912 0.0656753417682776 0.0656753417682776 0.0669144991412639 0.0669144991412639 0.0693928138872367 0.0731102860061958 0.0755886007521685 0.0780669154981413
0.0636215344420881 0.0636215344420881 0.0636215344420881 0.0636215344420881 0.0619902130717781 0.0636215344420881 0.0636215344420881 0.0636215344420881 0.0652528558123981 0.0652528558123981 0.0652528558123981 0.0652528558123981 0.0619902130717781 0.0619902130717781 0.0570962489608483 0.0505709634796085
0.0326492547313433 0.0354477621940298 0.0401119412985075 0.0457089562238806 0.0494402995074627 0.0541044786119403 0.0569029860746269 0.062500001 0.064365672641791 0.0680970159253731 0.0718283592089552 0.0755597024925373 0.0792910457761194 0.083955224880597 0.0867537323432836 0.0932835830895522
0.0370994950978078 0.0682967969527825 0.066610456311973 0.066610456311973 0.0657672859915683 0.0649241156711636 0.0649241156711636 0.0649241156711636 0.0632377750303541 0.0632377750303541 0.0632377750303541 0.0632377750303541 0.0632377750303541 0.0615514343895447 0.0615514343895447 0.0615514343895447
0.000000001 0.000000001 0.000000001 0.000000001 0.000000001 0.000000001 0.000000001 0.000000001 0.000000001 0.000000001 0.000000001 0.000000001 0.000000001 0.000000001 0.000000001 1.000000001
0.0304709151274238 0.0304709151274238 0.0304709151274238 0.0332409982299169 0.0387811644349031 0.0443213306398892 0.0498614968448753 0.0554016630498615 0.0554016630498615 0.0581717461523546 0.0609418292548476 0.0609418292548476 0.0609418292548476 0.0609418292548476 0.074792244767313 0.254847646429363
