0.000000001 0.000000001 0.000000001 0.000000001 0.000000001 0.0309278360515464 0.0549828188694158 0.0824742278041237 0.0996563583883161 0.116838488972509 0.13745704567354 0.154639176257732 0.106529210621993 0.0824742278041237 0.0687285233367698 0.0652920972199313
0.0633713571470216 0.0621039300240811 0.064638784269962 0.064638784269962 0.0659062113929024 0.0633713571470216 0.0621039300240811 0.0621039300240811 0.0633713571470216 0.0608365029011407 0.0583016486552598 0.0608365029011407 0.0608365029011407 0.0621039300240811 0.0633713571470216 0.0621039300240811
0.0382293772575453 0.0643863189074447 0.0694164999939638 0.0704225362112676 0.0764587535150905 0.0744466810804829 0.0724346086458753 0.0714285724285714 0.0694164999939638 0.06841046377666 0.0643863189074447 0.0603621740382294 0.0563380291690141 0.0482897394305835 0.0472837032132797 0.0482897394305835
0.0357142867142857 0.0422077932077922 0.0470779230779221 0.0503246763246753 0.0535714295714286 0.0568181828181818 0.0568181828181818 0.0600649360649351 0.0633116893116883 0.0665584425584416 0.073051949051948 0.0762987022987013 0.0746753256753247 0.0698051958051948 0.099025975025974 0.0746753256753247
0.0605670113092783 0.0605670113092783 0.0579896917216495 0.0592783515154639 0.0592783515154639 0.0605670113092783 0.0618556711030928 0.0631443308969072 0.0618556711030928 0.0618556711030928 0.0631443308969072 0.0631443308969072 0.0670103102783505 0.0657216504845361 0.0670103102783505 0.0670103102783505
0.0614754108360656 0.0614754108360656 0.0614754108360656 0.0628415310546448 0.0614754108360656 0.0628415310546448 0.0628415310546448 0.0614754108360656 0.0614754108360656 0.0628415310546448 0.0628415310546448 0.064207651273224 0.0628415310546448 0.064207651273224 0.0614754108360656 0.064207651273224
0.0280373841775701 0.0317757019345794 0.0336448608130841 0.0448598140841122 0.0448598140841122 0.0560747673551402 0.0598130851121495 0.0841121505327103 0.0990654215607477 0.100934580439252 0.0990654215607477 0.085981309411215 0.0766355150186916 0.0654205617476635 0.0542056084766355 0.0355140196915888
0.0672043020752688 0.0698924741182796 0.0685483880967742 0.0658602160537634 0.0658602160537634 0.0631720440107527 0.0618279579892473 0.0631720440107527 0.0604838719677419 0.0591397859462366 0.0591397859462366 0.0631720440107527 0.0604838719677419 0.0591397859462366 0.0564516139032258 0.0564516139032258
0.0641848533748395 0.0654685504223363 0.0641848533748395 0.0641848533748395 0.0641848533748395 0.0641848533748395 0.0654685504223363 0.061617459279846 0.061617459279846 0.061617459279846 0.061617459279846 0.0603337622323492 0.0603337622323492 0.0603337622323492 0.0603337622323492 0.0603337622323492
0.048780488804878 0.061617459279846 0.061617459279846 0.0629011563273427 0.0629011563273427 0.0641848533748395 0.0629011563273427 0.0641848533748395 0.0641848533748395 0.0641848533748395 0.0629011563273427 0.0629011563273427 0.0641848533748395 0.0641848533748395 0.0641848533748395 0.0641848533748395
0.0636363646363636 0.0636363646363636 0.0623376633376623 0.0623376633376623 0.0623376633376623 0.061038962038961 0.0623376633376623 0.0623376633376623 0.0636363646363636 0.0623376633376623 0.0623376633376623 0.0623376633376623 0.0623376633376623 0.0623376633376623 0.061038962038961 0.0636363646363636
0.0631720440107527 0.0631720440107527 0.0618279579892473 0.0618279579892473 0.0618279579892473 0.0618279579892473 0.0618279579892473 0.0645161300322581 0.0631720440107527 0.0604838719677419 0.0631720440107527 0.0591397859462366 0.0618279579892473 0.0631720440107527 0.0631720440107527 0.0658602160537634
0.0298953672182362 0.0403587453946188 0.0553064285037369 0.0672645749910314 0.0792227214783259 0.0941704045874439 0.109118087696562 0.101644246142003 0.0837070264110613 0.0747384165455904 0.070254111612855 0.0657698066801196 0.0508221235710015 0.0284005989073244 0.0254110622855007 0.0239162939745889
0.102354146342886 0.102354146342886 0.102354146342886 0.102354146342886 0.0481064493111566 0.0481064493111566 0.0491299907645855 0.0491299907645855 0.0491299907645855 0.0491299907645855 0.0491299907645855 0.0491299907645855 0.0491299907645855 0.0501535322180143 0.0501535322180143 0.0501535322180143
0.0602409648554217 0.0602409648554217 0.0614457841325301 0.0614457841325301 0.0626506034096385 0.0626506034096385 0.0626506034096385 0.0626506034096385 0.0626506034096385 0.063855422686747 0.063855422686747 0.063855422686747 0.0626506034096385 0.0626506034096385 0.063855422686747 0.0626506034096385
0.0629722931914358 0.0642317390352645 0.0642317390352645 0.0642317390352645 0.0629722931914358 0.0629722931914358 0.0617128473476071 0.0629722931914358 0.0629722931914358 0.0629722931914358 0.0629722931914358 0.0617128473476071 0.0604534015037783 0.0617128473476071 0.0604534015037783 0.0604534015037783
0.0201342291879195 0.0335570479798658 0.058165549098434 0.0760626408210291 0.0939597325436242 0.114093960731544 0.114093960731544 0.118568233662192 0.0984340054742729 0.0760626408210291 0.0671140949597315 0.0425055938411633 0.029082775049217 0.0178970927225951 0.0201342291879195 0.0201342291879195
