0.00701754485964912 0.0105263167894737 0.00701754485964912 0.0175438606491228 0.0210526325789474 0.0245614045087719 0.0350877202982456 0.0350877202982456 0.0421052641578947 0.0491228080175439 0.0596491238070175 0.0666666676666667 0.0771929834561404 0.126315790473684 0.189473685210526 0.231578948368421
0.0143540679856459 0.0229665081770335 0.030622010569378 0.0430622019569378 0.0468899531531101 0.0555023933444976 0.062200957937799 0.0698564603301435 0.077511962722488 0.0832535895167464 0.0842105273157895 0.0832535895167464 0.0842105273157895 0.0842105273157895 0.0803827761196172 0.077511962722488
0.0208623097621697 0.0305980538511822 0.0375521567719054 0.0445062596926287 0.0486787214450626 0.0514603626133519 0.0611961067023644 0.0611961067023644 0.0611961067023644 0.0709318507913769 0.0751043125438109 0.0792767742962448 0.0848400566328234 0.0848400566328234 0.0917941595535466 0.0959666213059805
0.0576923086923077 0.0399408294023669 0.029585799816568 0.0517751489289941 0.0621301785147929 0.0769230779230769 0.0739644980414201 0.0695266282189349 0.0591715986331361 0.0576923086923077 0.0636094684556213 0.0724852081005917 0.0724852081005917 0.0665680483372781 0.0695266282189349 0.0769230779230769
0.0132939448700148 0.0236336789911374 0.0384047277355982 0.0664697203500739 0.0679468252245199 0.069423930098966 0.0679468252245199 0.0709010349734121 0.069423930098966 0.0709010349734121 0.069423930098966 0.0723781398478582 0.0753323495967504 0.0738552447223043 0.0738552447223043 0.0768094544711965
0.00931315583119907 0.0279394654935972 0.0337601872630966 0.0372526203247963 0.0512223525715949 0.0651920848183935 0.0779976727112922 0.0873108275424913 0.0966239823736903 0.0873108275424913 0.0849825388346915 0.0779976727112922 0.0745052396495925 0.0675203735261933 0.0640279404644936 0.0570430743410943
0.0293398543007335 0.0647921770391198 0.0623471892640587 0.0623471892640587 0.0623471892640587 0.0623471892640587 0.0599022014889976 0.0647921770391198 0.0660146709266504 0.0599022014889976 0.058679707601467 0.058679707601467 0.0684596587017115 0.0709046464767726 0.0721271403643032 0.0770171159144254
0.017364658814096 0.0326864157088866 0.0541368753615935 0.0674157313370786 0.0674157313370786 0.0684371817967314 0.0694586322563841 0.0715015331756895 0.0755873350143003 0.0755873350143003 0.0735444340949949 0.0694586322563841 0.0684371817967314 0.0653728304177732 0.0633299294984678 0.0602655781195097
0.0399673745725938 0.0464926600538336 0.0505709634796085 0.0554649275905383 0.0570962489608483 0.0587275703311582 0.0603588917014682 0.0611745523866232 0.0644371951272431 0.0685154985530179 0.0709624806084829 0.0742251233491028 0.0807504088303426 0.0725938019787928 0.0709624806084829 0.067699837867863
0.00826446380991736 0.0165289266198347 0.0165289266198347 0.0165289266198347 0.00826446380991736 0.0247933894297521 0.0247933894297521 0.0165289266198347 0.0165289266198347 0.000000001 0.00826446380991736 0.000000001 0.000000001 0.0165289266198347 0.000000001 0.826446281991736
0.000000001 0.013771187440678 0.024364407779661 0.0338983060847458 0.0444915264237288 0.0582627128644068 0.0667372891355932 0.076271187440678 0.086864407779661 0.0963983060847458 0.105932204389831 0.0921610179491525 0.0858050857457627 0.0794491535423729 0.0752118654067797 0.0603813569322034
0.0089086869688196 0.0623608027817372 0.0623608027817372 0.0623608027817372 0.0623608027817372 0.0645879742739421 0.0623608027817372 0.0623608027817372 0.0645879742739421 0.0690423172583519 0.0690423172583519 0.0690423172583519 0.0712694887505568 0.0712694887505568 0.0690423172583519 0.0690423172583519
0.062500001 0.062500001 0.0611979176666667 0.062500001 0.062500001 0.062500001 0.062500001 0.062500001 0.062500001 0.062500001 0.062500001 0.062500001 0.062500001 0.062500001 0.062500001 0.0638020843333333
0.000000001 0.000000001 0.0368349259658936 0.0450204648472033 0.0491132342878581 0.0572987731691678 0.0600272861296044 0.0627557990900409 0.0654843120504775 0.0709413379713506 0.0750341074120055 0.0818553898130969 0.0886766722141883 0.0968622110954979 0.105047749976808 0.105047749976808
0.0290657449446367 0.0629757795467128 0.0622837380242215 0.0622837380242215 0.0636678210692042 0.0657439456366782 0.0622837380242215 0.0643598625916955 0.0657439456366782 0.0643598625916955 0.0657439456366782 0.0636678210692042 0.0650519041141868 0.0671280286816609 0.0671280286816609 0.0685121117266436
0.0265848680756646 0.0286298578507157 0.032719837400818 0.0388548067259714 0.0408997965010225 0.0449897760511247 0.0470347658261759 0.0511247453762781 0.0593047044764826 0.0613496942515337 0.0695296533517382 0.0736196329018405 0.0879345613271984 0.100204499977505 0.106339469302659 0.130879346603272
0.0192483969670027 0.0916590294142988 0.0916590294142988 0.0916590294142988 0.0916590294142988 0.0916590294142988 0.0916590294142988 0.0916590294142988 0.0916590294142988 0.0650779111741522 0.0531622374802933 0.0394133832181485 0.0311640706608616 0.0247479386718607 0.0192483969670027 0.0146654455462878
0.000000001 0.0130331763554502 0.0556872047914692 0.0545023706682465 0.0627962095308057 0.0627962095308057 0.0604265412843602 0.0639810436540284 0.0639810436540284 0.0687203801469194 0.0627962095308057 0.0746445507630332 0.0817535555023697 0.0876777261184834 0.0912322284881517 0.0959715649810427
0.00564971851412429 0.00564971851412429 0.0112994360282486 0.0112994360282486 0.0169491535423729 0.0225988710564972 0.0395480235988701 0.0621468936553672 0.0790960461977401 0.096045198740113 0.112994351282486 0.124293786310734 0.11864406879661 0.112994351282486 0.101694916254237 0.0790960461977401
0.000000001 0.000000001 0.000000001 0.000000001 0.000000001 0.000000001 0.000000001 0.000000001 0.000000001 0.000000001 0.000000001 0.000000001 0.000000001 0.000000001 0.000000001 1.000000001
0.0122199602668024 0.0142566201446029 0.0224032596558045 0.0285132392892057 0.0305498991670061 0.0346232189226069 0.0407331985560081 0.0468431781894094 0.0590631374562118 0.0692464368452139 0.0794297362342159 0.0875763757454175 0.0936863553788187 0.105906314645621 0.122199593668024 0.152749491835031
