0.000000001 0.0163398702810458 0.0294117657058824 0.0457516349869281 0.065359478124183 0.0718954258366013 0.0882352951176471 0.101307190542484 0.120915033679739 0.107843138254902 0.0915032689738562 0.0784313735490196 0.0686274519803921 0.0588235304117647 0.0392156872745098 0.0163398702810458
0.00610500710500611 0.0170940180940171 0.0170940180940171 0.0244200254200244 0.0402930412930403 0.054945055945055 0.083028084028083 0.0842490852490842 0.083028084028083 0.0842490852490842 0.0781440791440781 0.0793650803650794 0.0769230779230769 0.0769230779230769 0.0964590974590965 0.0976800986800977
0.36231884157971 0.36231884157971 0.0144927546231884 0.0144927546231884 0.0108695662173913 0.0036231894057971 0.0108695662173913 0.0181159430289855 0.0253623198405797 0.0326086966521739 0.0289855082463768 0.0217391314347826 0.0326086966521739 0.0144927546231884 0.0253623198405797 0.0217391314347826
0.00632911492405063 0.00632911492405063 0.00632911492405063 0.00949367188607595 0.00632911492405063 0.00949367188607595 0.0126582288481013 0.0221518997341772 0.0284810136582278 0.0443037984683544 0.060126583278481 0.0854430389746835 0.110759494670886 0.151898735177215 0.193037975683544 0.246835444037975
0.0592105273157895 0.0552631588947368 0.0552631588947368 0.0578947378421053 0.0631578957368421 0.0671052641578947 0.0671052641578947 0.0657894746842105 0.0631578957368421 0.0631578957368421 0.0631578957368421 0.0631578957368421 0.0631578957368421 0.0631578957368421 0.0644736852105263 0.0657894746842105
0.0567729093665339 0.0577689253027888 0.0587649412390438 0.0617529890478088 0.0617529890478088 0.0637450209203187 0.0667330687290837 0.0687251006015936 0.0697211165378486 0.0747011962191235 0.0697211165378486 0.0657370527928287 0.0637450209203187 0.0587649412390438 0.0537848615577689 0.047808765940239
0.0310765825760266 0.0832408445072142 0.0854606003340733 0.0799112107669256 0.0610432862386238 0.0688124316326304 0.0665926758057714 0.0599334083251942 0.0654827978923418 0.0665926758057714 0.0521642629311876 0.0621531641520533 0.0610432862386238 0.0499445071043285 0.0577136524983352 0.048834629190899
0.000000001 0.00998336206489185 0.0249584036622296 0.0382695517487521 0.0515806998352745 0.0615640609001664 0.086522463562396 0.104825292181364 0.119800333778702 0.101497505159734 0.086522463562396 0.0715474219650582 0.0698835284542429 0.064891847921797 0.0582362738785358 0.0499168063244592
0.0271317839457364 0.0271317839457364 0.0348837219302326 0.0348837219302326 0.0348837219302326 0.0465116289069767 0.0542635668914729 0.0658914738682171 0.0736434118527132 0.0813953498372093 0.0852713188294574 0.0852713188294574 0.0852713188294574 0.0891472878217054 0.0891472878217054 0.0852713188294574
0.0100502522562814 0.0100502522562814 0.0125628150703518 0.0100502522562814 0.00753768944221106 0.0125628150703518 0.0175879406984925 0.0125628150703518 0.0150753778844221 0.0326633175829146 0.0527638200954774 0.0829145738643216 0.120603016075377 0.160804021100503 0.21105527738191 0.231155779894472
0.0240641721229947 0.0401069528716577 0.0588235304117647 0.0735294127647059 0.0882352951176471 0.106951872657754 0.112299466240642 0.108288771053476 0.10427807586631 0.089572193513369 0.0735294127647059 0.0521390384331551 0.0334224608930481 0.0227272737272727 0.00802139137433155 0.00401069618716578
0.0210772843723653 0.0281030454964871 0.0374707269953162 0.0421545677447307 0.0444964881194379 0.0468384084941452 0.0444964881194379 0.0819672141147541 0.0819672141147541 0.0843091344894614 0.0843091344894614 0.0796252937400469 0.0772833733653396 0.0843091344894614 0.0796252937400469 0.0819672141147541
0.0234986955169713 0.0287206276318538 0.0365535258041775 0.0456919070052219 0.0574412542637076 0.066579635464752 0.0704960845509138 0.0822454318093995 0.0731070506083551 0.0678851184934726 0.0861618808955614 0.0822454318093995 0.0822454318093995 0.0678851184934726 0.0704960845509138 0.0587467372924282
0.0608793696583991 0.0620067653742954 0.0620067653742954 0.0642615568060879 0.0631341610901917 0.0620067653742954 0.0620067653742954 0.0620067653742954 0.0620067653742954 0.0631341610901917 0.0631341610901917 0.0620067653742954 0.0642615568060879 0.0620067653742954 0.0620067653742954 0.0631341610901917
