0.000000001 0.000000001 0.000000001 0.000000001 0.000000001 0.000000001 0.000000001 0.000000001 0.000000001 0.000000001 0.000000001 0.000000001 0.000000001 0.0818181828181818 0.172727273727273 0.745454546454545
0.0112254453405051 0.0261927044611787 0.0505145005322732 0.0505145005322732 0.0636108522628625 0.0645463059579046 0.0664172133479888 0.0664172133479888 0.0692235744331151 0.0701590281281572 0.0720299355182414 0.0720299355182414 0.0776426576884939 0.078578111383536 0.0804490187736202 0.0804490187736202
0.00068073619400953 0.0673927852069435 0.0660313148189244 0.068073520400953 0.0660313148189244 0.0660313148189244 0.066712050012934 0.0673927852069435 0.0673927852069435 0.066712050012934 0.0660313148189244 0.0673927852069435 0.0653505796249149 0.066712050012934 0.0660313148189244 0.0660313148189244
0.0536352810953516 0.0584028615482717 0.0584028615482717 0.0560190713218117 0.0572109664350417 0.0572109664350417 0.0584028615482717 0.0548271762085816 0.0595947566615018 0.0572109664350417 0.0572109664350417 0.065554232227652 0.065554232227652 0.0715137077938021 0.0774731833599523 0.0917759247187128
0.00303951467781155 0.0060790283556231 0.00911854203343465 0.00911854203343465 0.0121580557112462 0.0212765967446809 0.0243161104224924 0.027355624100304 0.033434651455927 0.0364741651337386 0.0455927061671733 0.0577507608784195 0.0638297882340425 0.0790273566231003 0.27355623200304 0.297872341425532
0.0167760768570387 0.0452224663537564 0.0488694393661561 0.0525164123785558 0.0532458069810357 0.0692924882355945 0.0714806720430343 0.0722100666455142 0.0707512774405543 0.0722100666455142 0.0714806720430343 0.0707512774405543 0.0707512774405543 0.0707512774405543 0.0714806720430343 0.0722100666455142
0.00571428671428571 0.00571428671428571 0.00571428671428571 0.00571428671428571 0.0114285724285714 0.00571428671428571 0.00571428671428571 0.00571428671428571 0.00571428671428571 0.0114285724285714 0.0457142867142857 0.0514285724285714 0.0628571438571429 0.0857142867142857 0.125714286714286 0.560000001
0.043010753688172 0.043010753688172 0.043010753688172 0.0483870977741935 0.0483870977741935 0.0591397859462366 0.0537634418602151 0.0537634418602151 0.0483870977741935 0.0483870977741935 0.0537634418602151 0.043010753688172 0.0483870977741935 0.0376344096021505 0.0376344096021505 0.290322581645161
0.000000001 0.0117252941323283 0.0251256291407035 0.0351758803969849 0.0519262991574539 0.0552763829095477 0.0586264666616415 0.0636515922897822 0.0670016760418761 0.0703517597939698 0.0737018435460637 0.0770519272981575 0.0787269691742044 0.0804020110502513 0.0837520948023451 0.16750418860469
0.0204081642653061 0.0204081642653061 0.0204081642653061 0.0204081642653061 0.0255102050816327 0.0306122458979592 0.0306122458979592 0.0306122458979592 0.0306122458979592 0.0306122458979592 0.0306122458979592 0.0357142867142857 0.0459183683469388 0.0561224499795918 0.0714285724285714 0.500000001
0.0570071268907363 0.0570071268907363 0.0581947753467933 0.0581947753467933 0.0581947753467933 0.0593824238028504 0.0593824238028504 0.0605700722589074 0.0593824238028504 0.0593824238028504 0.0593824238028504 0.0629453691710214 0.0676959629952494 0.0712589083634204 0.0748218537315914 0.0771971506437055
0.0166666676666667 0.00833333433333333 0.0166666676666667 0.0166666676666667 0.0166666676666667 0.00833333433333333 0.0166666676666667 0.00833333433333333 0.00833333433333333 0.0166666676666667 0.0166666676666667 0.00833333433333333 0.000000001 0.00833333433333333 0.000000001 0.833333334333333
0.00204918132786885 0.00819672231147541 0.0102459026393443 0.0163934436229508 0.0245901649344262 0.0245901649344262 0.0286885255901639 0.0307377059180328 0.0286885255901639 0.0307377059180328 0.0327868862459016 0.0389344272295082 0.170081968213115 0.176229509196721 0.188524591163934 0.188524591163934
