0.000000001 0.0635324025247776 0.0622617544942821 0.0622617544942821 0.0635324025247776 0.0622617544942821 0.0635324025247776 0.0622617544942821 0.0635324025247776 0.0635324025247776 0.0622617544942821 0.0635324025247776 0.0622617544942821 0.0584498104027954 0.059720458433291 0.127064804049555
0.0020746897966805 0.00622406739004149 0.012448133780083 0.0103734449834025 0.0145228225767635 0.0186722001701245 0.024896266560166 0.0352697105435685 0.0352697105435685 0.037344399340249 0.0580912873070539 0.114107884817427 0.132780083987552 0.132780083987552 0.163900415937759 0.201244814278008
0.0135658924728682 0.0406976754186046 0.0484496134031008 0.0658914738682171 0.0581395358837209 0.0503875978992248 0.0368217064263566 0.0310077529379845 0.0368217064263566 0.0426356599147287 0.060077520379845 0.0736434118527132 0.0872093033255814 0.10077519479845 0.114341086271318 0.13953488472093
0.000000001 0.000000001 0.000000001 0.000000001 0.000000001 0.000000001 0.000000001 0.000000001 0.000000001 0.000000001 0.000000001 0.000000001 0.000000001 0.141176471588235 0.323529412764706 0.535294118647059
0.0299896597383661 0.0392967952088935 0.047569804516029 0.0568769399865564 0.0599793184767322 0.063081696966908 0.0641158231302999 0.0651499492936918 0.0692864539472596 0.0713547062740434 0.0723888324374354 0.0723888324374354 0.0713547062740434 0.0703205801106515 0.0713547062740434 0.0754912109276112
0.000000001 0.0666666676666667 0.0666666676666667 0.0666666676666667 0.0666666676666667 0.0666666676666667 0.0666666676666667 0.0666666676666667 0.0666666676666667 0.0666666676666667 0.0666666676666667 0.0666666676666667 0.0666666676666667 0.0666666676666667 0.0666666676666667 0.0666666676666667
0.0120481937710843 0.0120481937710843 0.0120481937710843 0.0120481937710843 0.0160642580281124 0.0160642580281124 0.0200803222851406 0.0160642580281124 0.0160642580281124 0.0522088363413655 0.0682730933694779 0.0843373503975904 0.112449800196787 0.152610442767068 0.192771085337349 0.204819278108434
0.000000001 0.000000001 0.000000001 0.000000001 0.000000001 0.000000001 0.000000001 0.000000001 0.0297297307297297 0.0459459469459459 0.0648648658648649 0.102702703702703 0.151351352351351 0.17027027127027 0.208108109108108 0.227027028027027
0.000000001 0.000000001 0.000000001 0.000000001 0.000000001 0.000000001 0.000000001 0.000000001 0.000000001 0.000000001 0.000000001 0.000000001 0.000000001 0.000000001 0.000000001 1.000000001
0.0191570891226054 0.0210727979348659 0.0191570891226054 0.0210727979348659 0.0210727979348659 0.028735633183908 0.0344827596206897 0.0383141772452107 0.0478927213065134 0.0613026829923372 0.0670498094291188 0.0708812270536398 0.0823754799272031 0.120689656172414 0.166666667666667 0.18007662935249
0.003725783414307 0.0730253363204173 0.0715350233546945 0.0707898668718331 0.0700447103889717 0.0685543974232489 0.0678092409403875 0.0670640844575261 0.0655737714918033 0.0655737714918033 0.0648286150089419 0.0633383020432191 0.0633383020432191 0.0618479890774963 0.0618479890774963 0.0611028325946349
0.002500001 0.000000001 0.000000001 0.005000001 0.000000001 0.000000001 0.000000001 0.000000001 0.000000001 0.002500001 0.002500001 0.002500001 0.247500001 0.247500001 0.245000001 0.245000001
0.000000001 0.0087719308245614 0.0087719308245614 0.0087719308245614 0.0087719308245614 0.0087719308245614 0.0087719308245614 0.0087719308245614 0.0087719308245614 0.0087719308245614 0.0087719308245614 0.0087719308245614 0.0087719308245614 0.0087719308245614 0.0087719308245614 0.87719298345614
0.000000001 0.000000001 0.000000001 0.000000001 0.000000001 0.000000001 0.000000001 0.000000001 0.000000001 0.000000001 0.000000001 0.000000001 0.000000001 0.000000001 0.000000001 1.000000001
0.00706713880918728 0.00706713880918728 0.0088339232614841 0.0123674921660777 0.0159010610706714 0.0212014144275618 0.0300353366890459 0.0441696123074205 0.0547703190212014 0.0671378101872792 0.0865724391625442 0.0989399303286219 0.1113074214947 0.127208481565371 0.146643110540636 0.160777386159011
0.0161290332580645 0.0161290332580645 0.0161290332580645 0.0161290332580645 0.0161290332580645 0.00806451712903226 0.00806451712903226 0.00806451712903226 0.0161290332580645 0.0161290332580645 0.00806451712903226 0.00806451712903226 0.0161290332580645 0.0161290332580645 0.0161290332580645 0.798387097774193
0.000000001 0.000000001 0.000000001 0.000000001 0.000000001 0.000000001 0.000000001 0.000000001 0.000000001 0.000000001 0.000000001 0.000000001 0.000000001 0.000000001 0.000000001 1.000000001
0.0532445933460899 0.0532445933460899 0.0532445933460899 0.0549084868569052 0.0549084868569052 0.0532445933460899 0.0532445933460899 0.0532445933460899 0.0532445933460899 0.0532445933460899 0.0532445933460899 0.0532445933460899 0.0532445933460899 0.101497505159734 0.101497505159734 0.101497505159734
0.0160427817486631 0.0294117657058824 0.0454545464545455 0.0508021400374331 0.0668449207860962 0.0775401079518716 0.0882352951176471 0.0989304822834225 0.112299466240642 0.10427807586631 0.0935828887005347 0.072192514368984 0.053475936828877 0.0427807496631016 0.0347593592887701 0.0133689849572193
0.000000001 0.000000001 0.000000001 0.000000001 0.000000001 0.000000001 0.000000001 0.000000001 0.000000001 0.000000001 0.000000001 0.000000001 0.000000001 0.000000001 0.000000001 1.000000001
0.000000001 0.0666666676666667 0.0666666676666667 0.0666666676666667 0.0666666676666667 0.0666666676666667 0.0666666676666667 0.0666666676666667 0.0666666676666667 0.0666666676666667 0.0666666676666667 0.0666666676666667 0.0666666676666667 0.0666666676666667 0.0666666676666667 0.0666666676666667
0.00435413742960813 0.011611031478955 0.0203193043381713 0.0290275771973875 0.034833092436865 0.0391872288664732 0.0449927441059507 0.0551523957750363 0.0638606686342525 0.0682148050638607 0.0783744567329463 0.0841799719724238 0.0943396236415094 0.104499275310595 0.132075472698113 0.134978230317852
