0.000000001 0.008000001 0.016000001 0.016000001 0.016000001 0.016000001 0.024000001 0.024000001 0.008000001 0.008000001 0.016000001 0.024000001 0.024000001 0.016000001 0.000000001 0.784000001
0.0425230343097094 0.070871723182849 0.070871723182849 0.070871723182849 0.070871723182849 0.0545712270807938 0.0687455715173636 0.0489014893061658 0.0602409648554217 0.0588235304117647 0.0574060959681077 0.0666194198518781 0.070871723182849 0.0673281370737066 0.0581148131899362 0.0623671165209072
0.000000001 0.000000001 0.000000001 0.000000001 0.000000001 0.000000001 0.000000001 0.000000001 0.000000001 0.000000001 0.000000001 0.000000001 0.000000001 0.00980392256862745 0.00980392256862745 0.980392157862745
0.00249376658603491 0.0199501256882793 0.0261845396533666 0.0336658364114713 0.0386533675835411 0.0423940159625935 0.0473815471346633 0.0523690783067332 0.0598503750648379 0.0660847890299252 0.0773067341670823 0.0885286793042394 0.0960099760623441 0.105985038406484 0.118453866336658 0.124688280301746
0.0262869670460022 0.0646221258630887 0.063526835611172 0.063526835611172 0.0646221258630887 0.0700985771226725 0.0777656088860898 0.0766703186341731 0.0766703186341731 0.072289157626506 0.0646221258630887 0.0613362551073385 0.0602409648554217 0.0558598038477547 0.0525739330920044 0.0492880623362541
0.0606060616060606 0.0618686878686869 0.0580808090808081 0.0505050515050505 0.0492424252424242 0.0467171727171717 0.0454545464545455 0.0505050515050505 0.0517676777676768 0.0542929302929293 0.0606060616060606 0.0618686878686869 0.0694444454444444 0.0820707080707071 0.0972222232222222 0.0997474757474748
0.000000001 0.00854700954700855 0.00854700954700855 0.000000001 0.00854700954700855 0.00854700954700855 0.00854700954700855 0.00854700954700855 0.00854700954700855 0.00854700954700855 0.00854700954700855 0.00854700954700855 0.00854700954700855 0.000000001 0.0598290608290598 0.846153847153846
0.000000001 0.0072463778115942 0.0108695662173913 0.016304348826087 0.0199275372318841 0.0307971024492754 0.0434782618695652 0.0543478270869565 0.0634057981014493 0.0706521749130435 0.0797101459275362 0.0851449285362319 0.0996376821594203 0.117753624188406 0.139492754623188 0.161231885057971
0.00892857242857143 0.000000001 0.00892857242857143 0.00892857242857143 0.000000001 0.0178571438571429 0.00892857242857143 0.00892857242857143 0.0178571438571429 0.000000001 0.0178571438571429 0.00892857242857143 0.00892857242857143 0.00892857242857143 0.000000001 0.875000001
0.000000001 0.0666666676666667 0.0666666676666667 0.0666666676666667 0.0666666676666667 0.0666666676666667 0.0666666676666667 0.0666666676666667 0.0666666676666667 0.0666666676666667 0.0666666676666667 0.0666666676666667 0.0666666676666667 0.0666666676666667 0.0666666676666667 0.0666666676666667
0.00427960157061341 0.0313837385178317 0.0256776044236805 0.0256776044236805 0.0299572049942939 0.0527817413708987 0.0741797442239658 0.0884450794593438 0.094151213553495 0.0984308141241084 0.0998573476476462 0.0998573476476462 0.0699001436533524 0.0670470766062767 0.0699001436533524 0.0684736101298146
0.0629183410267738 0.0589022767697457 0.0602409648554217 0.0615796529410977 0.0589022767697457 0.0615796529410977 0.0602409648554217 0.0602409648554217 0.0589022767697457 0.0615796529410977 0.0615796529410977 0.0629183410267738 0.0629183410267738 0.0642570291124498 0.0629183410267738 0.0803212861405622
0.000000001 0.000000001 0.000000001 0.000000001 0.000000001 0.000000001 0.000000001 0.000000001 0.000000001 0.000000001 0.000000001 0.000000001 0.000000001 0.114649682528662 0.280254778070064 0.605095542401274
0.0631780482239949 0.0625398861308232 0.0619017240376516 0.0612635619444799 0.0619017240376516 0.0625398861308232 0.0625398861308232 0.0625398861308232 0.0625398861308232 0.0625398861308232 0.0625398861308232 0.0631780482239949 0.0631780482239949 0.0619017240376516 0.0625398861308232 0.0631780482239949
0.058472554699284 0.0644391418114558 0.0632458243890215 0.0620525069665871 0.0644391418114558 0.0644391418114558 0.0632458243890215 0.0632458243890215 0.0620525069665871 0.0656324592338902 0.0632458243890215 0.0620525069665871 0.0620525069665871 0.0608591895441527 0.0608591895441527 0.0596658721217184
0.0135135145135135 0.0202702712702703 0.00675675775675676 0.00675675775675676 0.00675675775675676 0.00675675775675676 0.00675675775675676 0.0135135145135135 0.00675675775675676 0.00675675775675676 0.0135135145135135 0.0135135145135135 0.0135135145135135 0.000000001 0.209459460459459 0.655405406405405
0.0426829278292683 0.0426829278292683 0.0609756107560976 0.024390244902439 0.0304878058780488 0.0304878058780488 0.024390244902439 0.0304878058780488 0.024390244902439 0.024390244902439 0.0182926839268293 0.0182926839268293 0.0121951229512195 0.0182926839268293 0.00609756197560976 0.591463415634146
0.454545455545455 0.240909091909091 0.154545455545455 0.104545455545455 0.0454545464545455 0.000000001 0.000000001 0.000000001 0.000000001 0.000000001 0.000000001 0.000000001 0.000000001 0.000000001 0.000000001 0.000000001
0.000000001 0.000000001 0.000000001 0.000000001 0.000000001 0.000000001 0.000000001 0.000000001 0.000000001 0.000000001 0.000000001 0.000000001 0.000000001 0.000000001 0.000000001 1.000000001
0.0144444454444444 0.0255555565555556 0.0355555565555556 0.040000001 0.0422222232222222 0.0488888898888889 0.0555555565555556 0.0622222232222222 0.0655555565555555 0.0688888898888889 0.0766666676666667 0.0833333343333333 0.0866666676666667 0.0911111121111111 0.0988888898888889 0.104444445444444
0.0251572337044025 0.087151842868823 0.0835579524824798 0.0808625346927224 0.0781671169029649 0.0763701717097933 0.0718778087268643 0.0682839183405211 0.0646900279541779 0.0619946101644205 0.0592991923746631 0.054806829391734 0.0521114116019766 0.0467205760224618 0.0449236308292902 0.0440251582327044
0.0138888898888889 0.0222222232222222 0.0259259269259259 0.0388888898888889 0.0481481491481481 0.0537037047037037 0.0601851861851852 0.0685185195185185 0.0722222232222222 0.0805555565555555 0.0805555565555555 0.0861111121111111 0.0851851861851852 0.0888888898888889 0.087037038037037 0.087962963962963
0.00742115127829314 0.0111317264174397 0.0111317264174397 0.0148423015565863 0.0166975891261596 0.0352504648218924 0.038961039961039 0.0463821902393321 0.0463821902393321 0.051948052948052 0.0556586280871985 0.0575139156567718 0.148423006565863 0.148423006565863 0.152133581705009 0.157699444413729
0.008000001 0.008000001 0.008000001 0.016000001 0.016000001 0.016000001 0.008000001 0.008000001 0.016000001 0.016000001 0.016000001 0.024000001 0.024000001 0.072000001 0.072000001 0.672000001
0.000000001 0.000000001 0.000000001 0.000000001 0.000000001 0.000000001 0.000000001 0.000000001 0.000000001 0.000000001 0.000000001 0.000000001 0.000000001 0.000000001 0.000000001 1.000000001
