0.037593985962406 0.0225563919774436 0.0225563919774436 0.0225563919774436 0.0225563919774436 0.0150375949849624 0.0150375949849624 0.0300751889699248 0.000000001 0.0075187979924812 0.000000001 0.0225563919774436 0.0150375949849624 0.0150375949849624 0.0150375949849624 0.736842106263158
0.000000001 0.000000001 0.000000001 0.000000001 0.000000001 0.000000001 0.000000001 0.000000001 0.000000001 0.000000001 0.000000001 0.000000001 0.000000001 0.000000001 0.000000001 1.000000001
0.00349162111173184 0.0670391071452514 0.0649441350782123 0.0670391071452514 0.066340783122905 0.066340783122905 0.066340783122905 0.0642458110558659 0.0656424591005587 0.0649441350782123 0.0677374311675978 0.0684357551899441 0.0670391071452514 0.066340783122905 0.066340783122905 0.0677374311675978
0.0036231894057971 0.0217391314347826 0.0507246386811594 0.0289855082463768 0.0217391314347826 0.0326086966521739 0.0144927546231884 0.0108695662173913 0.0434782618695652 0.0471014502753623 0.0543478270869565 0.0797101459275362 0.0760869575217391 0.0797101459275362 0.0760869575217391 0.358695653173913
0.0078740167480315 0.0078740167480315 0.015748032496063 0.0236220482440945 0.0236220482440945 0.0236220482440945 0.0078740167480315 0.015748032496063 0.0236220482440945 0.0078740167480315 0.015748032496063 0.0078740167480315 0.0078740167480315 0.015748032496063 0.0078740167480315 0.78740157580315
0.0141843981631206 0.00709219958156028 0.00709219958156028 0.00709219958156028 0.0141843981631206 0.0141843981631206 0.0141843981631206 0.0141843981631206 0.0212765967446809 0.0212765967446809 0.0283687953262411 0.0354609939078014 0.0425531924893617 0.0354609939078014 0.0283687953262411 0.695035461992908
0.0110497247569061 0.000000001 0.0110497247569061 0.0110497247569061 0.0110497247569061 0.00552486287845304 0.0331491722707182 0.0331491722707182 0.0331491722707182 0.0386740341491713 0.0441988960276243 0.0607734816629834 0.0552486197845304 0.0441988960276243 0.0607734816629834 0.546961326966851
0.000000001 0.0666666676666667 0.0666666676666667 0.0666666676666667 0.0666666676666667 0.0666666676666667 0.0666666676666667 0.0666666676666667 0.0666666676666667 0.0666666676666667 0.0666666676666667 0.0666666676666667 0.0666666676666667 0.0666666676666667 0.0666666676666667 0.0666666676666667
0.0665722389603399 0.056657224796034 0.0594900859858357 0.056657224796034 0.0594900859858357 0.0609065165807365 0.0609065165807365 0.0637393777705382 0.0623229471756374 0.0651558083654391 0.0651558083654391 0.0651558083654391 0.0651558083654391 0.0637393777705382 0.0637393777705382 0.0651558083654391
0.00806451712903226 0.0241935493870968 0.00806451712903226 0.0161290332580645 0.00806451712903226 0.0161290332580645 0.00806451712903226 0.0241935493870968 0.0241935493870968 0.0161290332580645 0.0161290332580645 0.00806451712903226 0.00806451712903226 0.0241935493870968 0.00806451712903226 0.782258065516129
1.000000001 0.000000001 0.000000001 0.000000001 0.000000001 0.000000001 0.000000001 0.000000001 0.000000001 0.000000001 0.000000001 0.000000001 0.000000001 0.000000001 0.000000001 0.000000001
0.000000001 0.000000001 0.000000001 0.000000001 0.000000001 0.000000001 0.000000001 0.000000001 0.000000001 0.000000001 0.000000001 0.000000001 0.000000001 0.000000001 0.000000001 1.000000001
0.0189873427721519 0.0189873427721519 0.0189873427721519 0.0189873427721519 0.0189873427721519 0.0253164566962025 0.0253164566962025 0.0253164566962025 0.0316455706202532 0.0316455706202532 0.0316455706202532 0.0253164566962025 0.0253164566962025 0.0189873427721519 0.0316455706202532 0.632911393405063
0.00925926025925926 0.000000001 0.00925926025925926 0.0185185195185185 0.0185185195185185 0.000000001 0.000000001 0.000000001 0.000000001 0.000000001 0.00925926025925926 0.00925926025925926 0.000000001 0.00925926025925926 0.000000001 0.916666667666667
0.000000001 0.0666666676666667 0.0666666676666667 0.0666666676666667 0.0666666676666667 0.0666666676666667 0.0666666676666667 0.0666666676666667 0.0666666676666667 0.0666666676666667 0.0666666676666667 0.0666666676666667 0.0666666676666667 0.0666666676666667 0.0666666676666667 0.0666666676666667
0.000000001 0.000000001 0.000000001 0.000000001 0.000000001 0.000000001 0.000000001 0.000000001 0.0082815744989648 0.0786749492401656 0.0993788829875776 0.12008281673499 0.146997930606625 0.165631470979296 0.173913044478261 0.20703933847412
0.000000001 0.000000001 0.000000001 0.000000001 0.000000001 0.000000001 0.000000001 0.000000001 0.000000001 0.000000001 0.000000001 0.000000001 0.000000001 0.000000001 0.000000001 1.000000001
0.0159574478085106 0.0212765967446809 0.0265957456808511 0.0265957456808511 0.0265957456808511 0.0265957456808511 0.0319148946170213 0.0319148946170213 0.0319148946170213 0.0319148946170213 0.0319148946170213 0.0372340435531915 0.0425531924893617 0.0531914903617021 0.0585106392978723 0.50531914993617
0.000000001 0.000000001 0.000000001 0.00943396326415094 0.0188679255283019 0.0188679255283019 0.0188679255283019 0.000000001 0.000000001 0.000000001 0.000000001 0.000000001 0.000000001 0.000000001 0.000000001 0.933962265150943
0.0510869575217391 0.0521739140434783 0.0521739140434783 0.0532608705652174 0.0532608705652174 0.0543478270869565 0.0554347836086957 0.0532608705652174 0.0510869575217391 0.0543478270869565 0.0597826096956522 0.0739130444782609 0.0793478270869565 0.083695653173913 0.0858695662173913 0.0869565227391304
0.00555555655555556 0.000000001 0.00555555655555556 0.00277777877777778 0.00277777877777778 0.000000001 0.00555555655555556 0.00833333433333333 0.000000001 0.00833333433333333 0.0416666676666667 0.0916666676666667 0.152777778777778 0.180555556555556 0.222222223222222 0.272222223222222
0.000000001 0.000000001 0.000000001 0.00961538561538462 0.000000001 0.000000001 0.000000001 0.00961538561538462 0.00961538561538462 0.00961538561538462 0.000000001 0.000000001 0.000000001 0.000000001 0.000000001 0.961538462538461
