0.0895091444071222 0.082771897053898 0.082771897053898 0.082771897053898 0.0856592887767084 0.080846969238691 0.0789220414234841 0.0741097218854668 0.0664100106246391 0.0615976910866217 0.0519730520105871 0.0490856602877767 0.041385949026949 0.0298363821357074 0.0250240625976901 0.0173243513368624
0.194748359862144 0.0722100666455142 0.074398250452954 0.0656455152231947 0.0722100666455142 0.0656455152231947 0.0547045961859956 0.0437636771487965 0.037199125726477 0.0284463904967177 0.0240700228818381 0.0218818390743982 0.0284463904967177 0.0218818390743982 0.0240700228818381 0.170678337980306
0.689655173413793 0.000000001 0.0206896561724138 0.0137931044482759 0.0206896561724138 0.0206896561724138 0.0344827596206897 0.0206896561724138 0.0275862078965517 0.0275862078965517 0.00689655272413793 0.0275862078965517 0.0413793113448276 0.0137931044482759 0.0206896561724138 0.0137931044482759
0.833333334333333 0.0087719308245614 0.000000001 0.0175438606491228 0.0175438606491228 0.0263157904736842 0.0087719308245614 0.0175438606491228 0.0087719308245614 0.0087719308245614 0.000000001 0.0087719308245614 0.0087719308245614 0.0263157904736842 0.0087719308245614 0.000000001
0.00677201002934537 0.0135440190586907 0.0203160280880361 0.0248307007742664 0.0316027098036117 0.0383747188329571 0.0428893915191874 0.0519187368916479 0.0632054186072235 0.0744921003227991 0.0857787820383747 0.0948081274108352 0.103837472783296 0.108352145469526 0.115124154498871 0.124153499871332
0.933962265150943 0.00943396326415094 0.00943396326415094 0.000000001 0.000000001 0.000000001 0.000000001 0.00943396326415094 0.000000001 0.000000001 0.000000001 0.000000001 0.00943396326415094 0.00943396326415094 0.00943396326415094 0.00943396326415094
0.636986302369863 0.0273972612739726 0.0136986311369863 0.0205479462054795 0.0205479462054795 0.0205479462054795 0.0205479462054795 0.0205479462054795 0.0273972612739726 0.0273972612739726 0.0273972612739726 0.0273972612739726 0.0273972612739726 0.0205479462054795 0.0342465763424658 0.0273972612739726
0.943396227415094 0.0471698123207547 0.00943396326415094 0.000000001 0.000000001 0.000000001 0.000000001 0.000000001 0.000000001 0.000000001 0.000000001 0.000000001 0.000000001 0.000000001 0.000000001 0.000000001
0.10128055978929 0.0826542501268917 0.0768335283573923 0.0686845178800931 0.0686845178800931 0.0640279404644936 0.0605355074027939 0.0593713630488941 0.0582072186949942 0.0558789299871944 0.0535506412793946 0.0488940638637951 0.0512223525715949 0.0512223525715949 0.050058208217695 0.0488940638637951
0.0436681232707424 0.049490539573508 0.0524017477248908 0.0538573518005822 0.0553129558762737 0.0582241640276565 0.0611353721790393 0.0625909762547307 0.0640465803304221 0.0655021844061135 0.0669577884818049 0.0684133925574964 0.0713246007088792 0.074235808860262 0.0756914129359534 0.0771470170116448
1.000000001 0.000000001 0.000000001 0.000000001 0.000000001 0.000000001 0.000000001 0.000000001 0.000000001 0.000000001 0.000000001 0.000000001 0.000000001 0.000000001 0.000000001 0.000000001
0.0640362235097025 0.0620957319184994 0.0627425624489004 0.0614489013880983 0.0620957319184994 0.0627425624489004 0.0627425624489004 0.0627425624489004 0.0620957319184994 0.0620957319184994 0.0620957319184994 0.0620957319184994 0.0620957319184994 0.0633893929793014 0.0633893929793014 0.0620957319184994
0.773913044478261 0.0260869575217391 0.00869565317391304 0.0347826096956522 0.000000001 0.00869565317391304 0.000000001 0.0173913053478261 0.00869565317391304 0.00869565317391304 0.0173913053478261 0.0173913053478261 0.0173913053478261 0.0260869575217391 0.0173913053478261 0.0173913053478261
0.829059830059829 0.00854700954700855 0.000000001 0.00854700954700855 0.00854700954700855 0.00854700954700855 0.00854700954700855 0.0170940180940171 0.0170940180940171 0.0170940180940171 0.0170940180940171 0.00854700954700855 0.0170940180940171 0.0170940180940171 0.00854700954700855 0.00854700954700855
0.018957346971564 0.028436019957346 0.037914692943128 0.04739336592891 0.0568720389146919 0.0616113754075829 0.0758293848862559 0.0805687213791469 0.0900473943649289 0.0900473943649289 0.0947867308578199 0.0900473943649289 0.0758293848862559 0.0663507119004739 0.052132702421801 0.033175356450237
0.104815865022663 0.104815865022663 0.107648726212465 0.107648726212465 0.0793201143144476 0.056657224796034 0.0509915024164306 0.0453257800368272 0.0368271964674221 0.0424929188470255 0.0481586412266289 0.0453257800368272 0.0453257800368272 0.0424929188470255 0.0396600576572238 0.0424929188470255
0.500000001 0.500000001 0.000000001 0.000000001 0.000000001 0.000000001 0.000000001 0.000000001 0.000000001 0.000000001 0.000000001 0.000000001 0.000000001 0.000000001 0.000000001 0.000000001
1.000000001 0.000000001 0.000000001 0.000000001 0.000000001 0.000000001 0.000000001 0.000000001 0.000000001 0.000000001 0.000000001 0.000000001 0.000000001 0.000000001 0.000000001 0.000000001
1.000000001 0.000000001 0.000000001 0.000000001 0.000000001 0.000000001 0.000000001 0.000000001 0.000000001 0.000000001 0.000000001 0.000000001 0.000000001 0.000000001 0.000000001 0.000000001
