0.000000001 0.00613497032515337 0.0138036819815951 0.0184049089754601 0.0230061359693252 0.0276073629631902 0.0352760746196319 0.049079755601227 0.0598159519202454 0.0720858905705521 0.0843558292208589 0.0920245408773006 0.107361964190184 0.124233129834356 0.136503068484663 0.150306749466258
0.00580270893036751 0.131528047421663 0.18568665477176 0.148936171212766 0.110251451676983 0.147001935235977 0.129593811444874 0.0986460358162476 0.00773694490715667 0.00580270893036751 0.00386847295357834 0.00580270893036751 0.00386847295357834 0.00580270893036751 0.00580270893036751 0.00386847295357834
0.0212765967446809 0.0212765967446809 0.0212765967446809 0.0212765967446809 0.0212765967446809 0.0212765967446809 0.0212765967446809 0.0212765967446809 0.0212765967446809 0.0212765967446809 0.0212765967446809 0.0212765967446809 0.0212765967446809 0.0212765967446809 0.0212765967446809 0.680851064829787
0.000000001 0.0666666676666667 0.0666666676666667 0.0666666676666667 0.0666666676666667 0.0666666676666667 0.0666666676666667 0.0666666676666667 0.0666666676666667 0.0666666676666667 0.0666666676666667 0.0666666676666667 0.0666666676666667 0.0666666676666667 0.0666666676666667 0.0666666676666667
0.0768335283573923 0.0768335283573923 0.0745052396495925 0.0733410952956927 0.0721769509417928 0.0675203735261933 0.0628637961105937 0.0605355074027939 0.0593713630488941 0.0593713630488941 0.0523864969254948 0.050058208217695 0.0570430743410943 0.0605355074027939 0.0616996517566938 0.0349243316169965
0.0610889784236388 0.0610889784236388 0.0624169996719788 0.0637450209203187 0.0610889784236388 0.0624169996719788 0.0637450209203187 0.0624169996719788 0.0624169996719788 0.0624169996719788 0.0624169996719788 0.0624169996719788 0.0637450209203187 0.0637450209203187 0.0610889784236388 0.0637450209203187
0.00340136154421769 0.00680272208843538 0.00680272208843538 0.00340136154421769 0.00680272208843538 0.00340136154421769 0.000000001 0.000000001 0.000000001 0.00340136154421769 0.159863946578231 0.156462586034014 0.159863946578231 0.163265307122449 0.159863946578231 0.166666667666667
0.0423076933076923 0.0423076933076923 0.0423076933076923 0.0423076933076923 0.0461538471538461 0.0423076933076923 0.050000001 0.050000001 0.0461538471538461 0.0461538471538461 0.0461538471538461 0.050000001 0.050000001 0.0538461548461538 0.050000001 0.300000001
0.00337837937837838 0.0135135145135135 0.0168918928918919 0.0287162172162162 0.0287162172162162 0.0253378388378378 0.0456081091081081 0.0540540550540541 0.0540540550540541 0.0844594604594595 0.089527028027027 0.0945945955945946 0.101351352351351 0.111486487486486 0.119932433432432 0.128378379378378
0.00757575857575758 0.0151515161515152 0.0214646474646465 0.029040405040404 0.0378787888787879 0.0441919201919192 0.0517676777676768 0.0593434353434343 0.0681818191818182 0.0732323242323232 0.0820707080707071 0.0871212131212121 0.0946969706969697 0.106060607060606 0.108585859585859 0.113636364636364
0.000000001 0.000000001 0.000000001 0.000000001 0.000000001 0.000000001 0.000000001 0.000000001 0.000000001 0.000000001 0.000000001 0.000000001 0.000000001 0.000000001 0.0495049514950495 0.95049505050495
0.0625394829962097 0.0619077710568541 0.0619077710568541 0.0625394829962097 0.0625394829962097 0.0625394829962097 0.0631711949355654 0.0631711949355654 0.0631711949355654 0.0631711949355654 0.0631711949355654 0.0631711949355654 0.0619077710568541 0.0619077710568541 0.0612760591174984 0.0619077710568541
0.0109140528417462 0.0122783093219645 0.0190995917230559 0.0313779000450205 0.0368349259658936 0.0450204648472033 0.053206003728513 0.0627557990900409 0.0682128250109141 0.0723055944515689 0.0791268768526603 0.08731241573397 0.0941336981350614 0.0995907240559345 0.107776262937244 0.120054571259209
0.0211920539801324 0.0251655639139073 0.0304635771589404 0.0344370870927152 0.0357615904039735 0.0423841069602649 0.0450331135827815 0.0516556301390729 0.056953643384106 0.0662251665629139 0.0728476831192053 0.0834437096092715 0.0927152327880795 0.104635762589404 0.108609272523179 0.128476822192053
0.00804829073843058 0.0120724356076459 0.0201207253460765 0.0241448702152918 0.03420523238833 0.0402414496921529 0.0482897394305835 0.0543259567344064 0.062374246472837 0.0704225362112676 0.0784708259496982 0.0885311881227364 0.100603622730382 0.108651912468813 0.118712274641851 0.130784709249497
0.000000001 0.000000001 0.000000001 0.000000001 0.000000001 0.000000001 0.000000001 0.000000001 0.000000001 0.000000001 0.000000001 0.000000001 0.000000001 0.000000001 0.000000001 1.000000001
0.00160771804180064 0.0691318337974277 0.0683279752765273 0.0683279752765273 0.0683279752765273 0.0683279752765273 0.0667202582347267 0.0667202582347267 0.0667202582347267 0.0659163997138264 0.0627009656302251 0.0602893900675241 0.0635048241511254 0.0659163997138264 0.069935692318328 0.067524116755627
0.00900901000900901 0.0112612622612613 0.0112612622612613 0.018018019018018 0.0225225235225225 0.0315315325315315 0.036036037036036 0.0472972982972973 0.0585585595585586 0.0720720730720721 0.0900900910900901 0.0968468478468468 0.103603604603604 0.112612613612613 0.132882883882883 0.146396397396396
0.000000001 0.0666666676666667 0.0666666676666667 0.0666666676666667 0.0666666676666667 0.0666666676666667 0.0666666676666667 0.0666666676666667 0.0666666676666667 0.0666666676666667 0.0666666676666667 0.0666666676666667 0.0666666676666667 0.0666666676666667 0.0666666676666667 0.0666666676666667
0.000000001 0.000000001 0.000000001 0.000000001 0.000000001 0.000000001 0.000000001 0.000000001 0.000000001 0.000000001 0.000000001 0.000000001 0.000000001 0.000000001 0.000000001 1.000000001
0.0123456800123457 0.0154320997654321 0.0185185195185185 0.0246913590246914 0.0277777787777778 0.0339506182839506 0.0401234577901235 0.0462962972962963 0.0524691368024691 0.058641976308642 0.058641976308642 0.0648148158148148 0.0679012355679012 0.0709876553209877 0.111111112111111 0.296296297296296
