0.000000001 0.000000001 0.000000001 0.000000001 0.000000001 0.000000001 0.000000001 0.000000001 0.000000001 0.000000001 0.000000001 0.000000001 0.000000001 0.000000001 0.000000001 1.000000001
0.111363637363636 0.222727273727273 0.00454545554545455 0.00454545554545455 0.00681818281818182 0.00454545554545455 0.00454545554545455 0.00681818281818182 0.00681818281818182 0.00227272827272727 0.00454545554545455 0.00454545554545455 0.00681818281818182 0.190909091909091 0.195454546454545 0.222727273727273
0.786885246901639 0.0163934436229508 0.00819672231147541 0.0327868862459016 0.00819672231147541 0.0245901649344262 0.0163934436229508 0.00819672231147541 0.00819672231147541 0.00819672231147541 0.0327868862459016 0.0163934436229508 0.00819672231147541 0.00819672231147541 0.00819672231147541 0.00819672231147541
0.000000001 0.000000001 0.000000001 0.00191204688910134 0.000000001 0.000000001 0.00191204688910134 0.00382409277820268 0.00382409277820268 0.00191204688910134 0.137667305015296 0.1434034426826 0.158699809795411 0.17208413101912 0.183556406353728 0.191204589910134
0.044811321754717 0.0495283028867924 0.0542452840188679 0.0589622651509434 0.0566037745849057 0.0613207557169811 0.0589622651509434 0.0636792462830189 0.0636792462830189 0.0660377368490566 0.0683962274150943 0.0683962274150943 0.0707547179811321 0.0707547179811321 0.0731132085471698 0.0707547179811321
0.00137931134482759 0.00689655272413793 0.0151724147931034 0.0289655182413793 0.0317241389310345 0.040000001 0.0482758630689655 0.0606896561724138 0.063448276862069 0.0744827596206897 0.0827586216896552 0.0910344837586207 0.0993103458275862 0.107586207896552 0.121379311344828 0.126896552724138
0.00518806844487678 0.0181582370570687 0.0233463045019455 0.0389105068365759 0.0570687428936446 0.0583657597548638 0.0609597934773022 0.066147860922179 0.0674448777833982 0.0700389115058366 0.072632945228275 0.0765239958119325 0.0830090801180285 0.0959792487302205 0.0998702993138781 0.106355383619974
0.0506042306072508 0.0596676747160121 0.0649546837794562 0.0649546837794562 0.06797583181571 0.0732628408791541 0.06797583181571 0.0664652577975831 0.0626888227522659 0.0649546837794562 0.0619335357432024 0.0626888227522659 0.061178248734139 0.0604229617250755 0.0574018136888218 0.0528700916344411
0.0266990301262136 0.0315533990582524 0.0364077679902913 0.0412621369223301 0.0497572825533981 0.0606796126504854 0.0618932048834951 0.0679611660485437 0.0679611660485437 0.0728155349805825 0.0800970883786408 0.0788834961456311 0.0849514573106796 0.0849514573106796 0.0788834961456311 0.0752427194466019
0.0135135145135135 0.0236486496486486 0.0236486496486486 0.0202702712702703 0.0202702712702703 0.0236486496486486 0.0236486496486486 0.0304054064054054 0.0304054064054054 0.027027028027027 0.0304054064054054 0.0337837847837838 0.0371621631621622 0.0844594604594595 0.277027028027027 0.300675676675676
0.0647249200938511 0.0453074443656958 0.0517799362750809 0.0388349524563107 0.087378641776699 0.0809061498673139 0.145631068961165 0.0938511336860841 0.0841423958220065 0.0679611660485437 0.0550161822297735 0.0485436903203883 0.0420711984110032 0.0420711984110032 0.0323624605469256 0.0194174767281553
0.0176211463744493 0.0220264327180617 0.0308370054052863 0.0308370054052863 0.0308370054052863 0.0308370054052863 0.0352422917488987 0.0352422917488987 0.0352422917488987 0.039647578092511 0.039647578092511 0.0440528644361233 0.0484581507797357 0.0572687234669604 0.0704845824977974 0.431718062674009
0.0649819504584837 0.036101084032491 0.0324909757292419 0.0288808674259928 0.0252707591227437 0.0144404342129964 0.0108303259097473 0.0072202176064982 0.0108303259097473 0.0108303259097473 0.0072202176064982 0.0216606508194946 0.036101084032491 0.0938628168844765 0.23826714901444 0.36101083132491
0.000000001 0.00451807328915663 0.0105421696746988 0.0225903624457831 0.0301204829277108 0.0376506034096386 0.0421686756987952 0.0481927720843374 0.0542168684698795 0.0617469889518072 0.072289157626506 0.0903614467831325 0.108433735939759 0.126506025096386 0.140060241963855 0.150602410638554
0.00287563004385334 0.0697340053134436 0.0690150980524802 0.0690150980524802 0.0682961907915169 0.0675772835305535 0.0675772835305535 0.0668583762695902 0.0675772835305535 0.0661394690086269 0.0661394690086269 0.0661394690086269 0.0647016544867002 0.0632638399647735 0.0625449327038102 0.0625449327038102
0.00308642075308642 0.00308642075308642 0.000000001 0.000000001 0.000000001 0.000000001 0.000000001 0.000000001 0.000000001 0.00308642075308642 0.00308642075308642 0.0709876553209876 0.135802470135802 0.203703704703704 0.271604939271605 0.305555556555556
0.000000001 0.0139211146890951 0.0208816715336427 0.0255220427633411 0.0324825996078886 0.0348027852227378 0.048723898911833 0.0580046413712297 0.0626450126009281 0.0649651982157773 0.074245940675174 0.0765661262900232 0.0812064975197216 0.0881670543642692 0.0928074255939675 0.225058005640371
0.000000001 0.0666666676666667 0.0666666676666667 0.0666666676666667 0.0666666676666667 0.0666666676666667 0.0666666676666667 0.0666666676666667 0.0666666676666667 0.0666666676666667 0.0666666676666667 0.0666666676666667 0.0666666676666667 0.0666666676666667 0.0666666676666667 0.0666666676666667
0.000000001 0.000000001 0.000000001 0.000000001 0.000000001 0.000000001 0.000000001 0.000000001 0.000000001 0.108510639297872 0.114893618021277 0.119148937170213 0.131914894617021 0.151063830787234 0.161702128659574 0.212765958446809
0.0217917685544794 0.0121065385302663 0.0121065385302663 0.00968523102421307 0.0121065385302663 0.0145278460363196 0.00726392351815981 0.0169491535423729 0.0217917685544794 0.0387409210968523 0.0605326886513317 0.0750605336876513 0.108958838772397 0.147699758869249 0.198547216496368 0.242130751605327
0.000000001 0.010958905109589 0.0164383571643836 0.0164383571643836 0.0191780831917808 0.0219178092191781 0.0273972612739726 0.0328767133287671 0.0383561653835616 0.0410958914109589 0.0547945215479452 0.0821917818219178 0.104109590041096 0.120547946205479 0.13972602839726 0.273972603739726
0.065989848715736 0.0647208131827411 0.0647208131827411 0.0647208131827411 0.067258884248731 0.0634517776497462 0.0621827421167513 0.0621827421167513 0.0621827421167513 0.0609137065837563 0.0609137065837563 0.0609137065837563 0.0621827421167513 0.0596446710507614 0.0596446710507614 0.0583756355177665
0.0292397670818713 0.0292397670818713 0.0292397670818713 0.0292397670818713 0.0292397670818713 0.0292397670818713 0.0292397670818713 0.0292397670818713 0.0292397670818713 0.0292397670818713 0.0292397670818713 0.0292397670818713 0.0292397670818713 0.0292397670818713 0.0292397670818713 0.56140350977193
0.00763358878625954 0.00763358878625954 0.0152671765725191 0.0229007643587786 0.0229007643587786 0.0229007643587786 0.0229007643587786 0.0305343521450382 0.0152671765725191 0.0229007643587786 0.00763358878625954 0.00763358878625954 0.0305343521450382 0.0305343521450382 0.0229007643587786 0.709923665122137
0.000000001 0.000000001 0.000000001 0.000000001 0.00398406474501992 0.0119521922350598 0.00398406474501992 0.0119521922350598 0.0159362559800797 0.0199203197250996 0.0199203197250996 0.0278884472151394 0.0637450209203187 0.187250997015936 0.266932271916335 0.366533865541833
0.0416326540612245 0.0702040826326531 0.0702040826326531 0.0685714295714286 0.0677551030408163 0.0677551030408163 0.0677551030408163 0.0677551030408163 0.0661224499795918 0.0644897969183673 0.0636734703877551 0.0628571438571429 0.0595918377346939 0.0571428581428571 0.0538775520204082 0.0506122458979592
0.0441558451558442 0.0428571438571429 0.0441558451558442 0.0441558451558442 0.0454545464545454 0.0428571438571429 0.0441558451558442 0.0428571438571429 0.0415584425584416 0.0402597412597403 0.074025975025974 0.074025975025974 0.0818181828181818 0.101298702298701 0.112987013987013 0.123376624376623
0.000000001 0.0543161988661494 0.05819592728516 0.0572259951804074 0.0591658593899127 0.0591658593899127 0.0572259951804074 0.061105723599418 0.064015519913676 0.066925316227934 0.0659553841231814 0.069835112542192 0.069835112542192 0.0766246372754607 0.0834141620087294 0.0969932114752667
0.00561797852808989 0.00674157403370786 0.00561797852808989 0.00786516953932584 0.0168539335842697 0.0168539335842697 0.0258426976292135 0.0966292144831461 0.097752809988764 0.101123596505618 0.100000001 0.101123596505618 0.103370787516854 0.103370787516854 0.104494383022472 0.106741574033708
