0.0645569630253165 0.0632911402405063 0.0620253174556962 0.0620253174556962 0.0632911402405063 0.0620253174556962 0.0620253174556962 0.0620253174556962 0.0632911402405063 0.0632911402405063 0.0632911402405063 0.0620253174556962 0.0632911402405063 0.0607594946708861 0.0607594946708861 0.0620253174556962
0.0160944216008584 0.0300429194549356 0.0321888422017167 0.0375536490686695 0.0396995718154506 0.0579399151630901 0.0600858379098713 0.0622317606566524 0.065450644776824 0.0729613743905579 0.0740343357639485 0.0858369108712446 0.0858369108712446 0.0912017177381974 0.0944206018583691 0.0944206018583691
0.0200845675961945 0.025369979858351 0.03276955702537 0.0412262166448203 0.0486257938118393 0.0560253709788584 0.0602537007885835 0.0644820305983087 0.0676532779556025 0.0739957726701903 0.0792811849323467 0.080338267384778 0.0835095147420719 0.087737844551797 0.0898520094566596 0.0887949270042283
0.000000001 0.000000001 0.000000001 0.000000001 0.000000001 0.000000001 0.0224299075420561 0.0411214963271028 0.0654205617476635 0.0878504682897196 0.100934580439252 0.114018692588785 0.123364486981308 0.132710281373832 0.147663552401869 0.164485982308411
0.0163934436229508 0.0245901649344262 0.0163934436229508 0.0163934436229508 0.00819672231147541 0.000000001 0.0163934436229508 0.0163934436229508 0.0163934436229508 0.0163934436229508 0.0163934436229508 0.000000001 0.00819672231147541 0.000000001 0.0163934436229508 0.811475410836066
0.020000001 0.0257142867142857 0.0285714295714286 0.0257142867142857 0.0285714295714286 0.0342857152857143 0.0371428581428571 0.0457142867142857 0.0542857152857143 0.0542857152857143 0.0657142867142857 0.0657142867142857 0.0742857152857143 0.0828571438571429 0.0885714295714286 0.268571429571429
0.000000001 0.00827301030713547 0.0186142719410548 0.031023785901758 0.0444674260258532 0.0537745614963806 0.0610134446401241 0.0661840754570838 0.0734229586008273 0.078593589417787 0.0847983463981386 0.0899689772150982 0.094105481868666 0.0961737341954498 0.0982419865222337 0.10134436501241
0.0144927546231884 0.0271739140434783 0.0235507256376812 0.0326086966521739 0.0380434792608696 0.0452898560724638 0.0543478270869565 0.0561594212898551 0.0670289865072464 0.0706521749130435 0.0778985517246377 0.088768116942029 0.088768116942029 0.0978260879565217 0.101449276362319 0.115942029985507
0.00529100629100529 0.00529100629100529 0.0105820115820106 0.0105820115820106 0.0105820115820106 0.0105820115820106 0.00529100629100529 0.0105820115820106 0.00529100629100529 0.0105820115820106 0.0105820115820106 0.0105820115820106 0.0105820115820106 0.0105820115820106 0.433862434862434 0.439153440153439
0.0626582288481013 0.0620253174556962 0.0620253174556962 0.0632911402405063 0.0626582288481013 0.0626582288481013 0.0626582288481013 0.0632911402405063 0.0620253174556962 0.0620253174556962 0.0620253174556962 0.0620253174556962 0.0620253174556962 0.0620253174556962 0.0632911402405063 0.0632911402405063
