0.934579440252336 0.0654205617476636 0.000000001 0.000000001 0.000000001 0.000000001 0.000000001 0.000000001 0.000000001 0.000000001 0.000000001 0.000000001 0.000000001 0.000000001 0.000000001 0.000000001
0.00289855172463768 0.000000001 0.000000001 0.00289855172463768 0.00579710244927536 0.000000001 0.00869565317391304 0.260869566217391 0.272463769115942 0.223188406797101 0.200000001 0.00289855172463768 0.00289855172463768 0.00579710244927536 0.00289855172463768 0.00869565317391304
0.175803403646503 0.164461248637051 0.137996220281664 0.11531191026276 0.0756143677296786 0.0661625718884688 0.0378071843648393 0.0151228743459357 0.0132325151776938 0.00945179684120983 0.00945179684120983 0.0132325151776938 0.0245746701871456 0.0378071843648393 0.0491493393742911 0.054820416879017
1.000000001 0.000000001 0.000000001 0.000000001 0.000000001 0.000000001 0.000000001 0.000000001 0.000000001 0.000000001 0.000000001 0.000000001 0.000000001 0.000000001 0.000000001 0.000000001
0.830508475576271 0.00847457727118644 0.0169491535423729 0.00847457727118644 0.0169491535423729 0.000000001 0.00847457727118644 0.0169491535423729 0.00847457727118644 0.00847457727118644 0.0169491535423729 0.00847457727118644 0.00847457727118644 0.0169491535423729 0.00847457727118644 0.0169491535423729
0.023489933885906 0.104026846637584 0.0995525737069351 0.0973154372416107 0.0950783007762864 0.0883668913803132 0.08165548198434 0.0771812090536913 0.0704697996577181 0.0615212537964206 0.052572707935123 0.0469798667718121 0.0402684573758389 0.0324384797472036 0.0223713656532438 0.00671141039597315
0.135714286714286 0.128571429571429 0.114285715285714 0.100000001 0.0928571438571429 0.0785714295714286 0.0642857152857143 0.050000001 0.0428571438571429 0.0357142867142857 0.0285714295714286 0.0214285724285714 0.0214285724285714 0.0214285724285714 0.0285714295714286 0.0357142867142857
0.0278113673845224 0.0532043540834341 0.060459493140266 0.064087062668682 0.064087062668682 0.0652962525114873 0.0652962525114873 0.0652962525114873 0.0652962525114873 0.0652962525114873 0.0652962525114873 0.0652962525114873 0.0652962525114873 0.0689238220399033 0.0689238220399033 0.0701330118827086
0.925233645859813 0.00934579539252336 0.000000001 0.000000001 0.000000001 0.000000001 0.000000001 0.000000001 0.000000001 0.00934579539252336 0.00934579539252336 0.00934579539252336 0.00934579539252336 0.00934579539252336 0.00934579539252336 0.00934579539252336
0.866071429571429 0.0446428581428572 0.0357142867142857 0.0267857152857143 0.00892857242857143 0.000000001 0.000000001 0.000000001 0.000000001 0.000000001 0.00892857242857143 0.000000001 0.000000001 0.000000001 0.000000001 0.00892857242857143
0.909090910090909 0.000000001 0.000000001 0.00909091009090909 0.00909091009090909 0.00909091009090909 0.00909091009090909 0.00909091009090909 0.00909091009090909 0.00909091009090909 0.00909091009090909 0.000000001 0.000000001 0.000000001 0.00909091009090909 0.00909091009090909
0.908256881733945 0.000000001 0.0091743129266055 0.0091743129266055 0.0091743129266055 0.000000001 0.0091743129266055 0.0091743129266055 0.0091743129266055 0.0091743129266055 0.0091743129266055 0.0091743129266055 0.000000001 0.000000001 0.0091743129266055 0.000000001
0.0610687032900763 0.0687022910763359 0.0610687032900763 0.0610687032900763 0.0687022910763359 0.0687022910763359 0.0687022910763359 0.0687022910763359 0.0610687032900763 0.0610687032900763 0.0534351155038168 0.0610687032900763 0.0610687032900763 0.0610687032900763 0.0534351155038168 0.0610687032900763
0.051009565293305 0.0425079712444208 0.0446333697566419 0.0467587682688629 0.0478214675249734 0.0499468660371945 0.051009565293305 0.0605738585982997 0.0616365578544102 0.0690754526471838 0.075451648183847 0.0818278437205101 0.0839532422327311 0.0743889489277364 0.079702445208289 0.079702445208289
0.467741936483871 0.290322581645161 0.0268817214301075 0.021505377344086 0.0161290332580645 0.0161290332580645 0.021505377344086 0.021505377344086 0.021505377344086 0.010752689172043 0.021505377344086 0.010752689172043 0.0161290332580645 0.0161290332580645 0.010752689172043 0.010752689172043
0.000000001 0.000000001 0.0588235304117647 0.117647059823529 0.117647059823529 0.117647059823529 0.000000001 0.117647059823529 0.117647059823529 0.000000001 0.0588235304117647 0.0588235304117647 0.0588235304117647 0.0588235304117647 0.0588235304117647 0.0588235304117647
0.868421053631579 0.0087719308245614 0.0087719308245614 0.0087719308245614 0.0087719308245614 0.0087719308245614 0.0087719308245614 0.0087719308245614 0.0087719308245614 0.0087719308245614 0.0087719308245614 0.0087719308245614 0.0087719308245614 0.0087719308245614 0.0087719308245614 0.0087719308245614
0.585365854658537 0.0182926839268293 0.024390244902439 0.024390244902439 0.024390244902439 0.0182926839268293 0.0182926839268293 0.0182926839268293 0.0182926839268293 0.0304878058780488 0.0304878058780488 0.0304878058780488 0.0365853668536585 0.0304878058780488 0.048780488804878 0.0426829278292683
0.246719161104987 0.128608924884514 0.118110237220472 0.10498687764042 0.0918635180603675 0.078740158480315 0.0656167989002625 0.05249343932021 0.0393700797401575 0.026246720160105 0.0183727044120735 0.0131233605800525 0.0026246729160105 0.005249344832021 0.005249344832021 0.0026246729160105
0.237057221708447 0.0762942789291553 0.0735694832888283 0.0681198920081744 0.0626703007275204 0.0599455050871935 0.0572207094468665 0.0544959138065395 0.0490463225258856 0.0490463225258856 0.0435967312452316 0.0435967312452316 0.0381471399645777 0.0326975486839237 0.0299727530435967 0.0245231617629428
0.374485597707819 0.0576131697242798 0.0740740750740741 0.0576131697242798 0.0452674907119342 0.0452674907119342 0.0452674907119342 0.037037038037037 0.0452674907119342 0.0329218116995885 0.0288065853621399 0.0329218116995885 0.0329218116995885 0.0288065853621399 0.0246913590246914 0.037037038037037
0.785714286714286 0.00793650893650794 0.00793650893650794 0.0158730168730159 0.00793650893650794 0.0158730168730159 0.00793650893650794 0.00793650893650794 0.00793650893650794 0.0238095248095238 0.0238095248095238 0.00793650893650794 0.0238095248095238 0.0238095248095238 0.0158730168730159 0.0158730168730159
0.541666667666667 0.160714286714286 0.113095239095238 0.0654761914761905 0.0238095248095238 0.0178571438571429 0.0238095248095238 0.0119047629047619 0.00595238195238095 0.00595238195238095 0.00595238195238095 0.000000001 0.00595238195238095 0.00595238195238095 0.00595238195238095 0.00595238195238095
