0.0612244907959184 0.0612244907959184 0.062500001 0.062500001 0.0637755112040816 0.062500001 0.062500001 0.062500001 0.0612244907959184 0.0612244907959184 0.0612244907959184 0.0612244907959184 0.0650510214081633 0.0637755112040816 0.0637755112040816 0.0637755112040816
0.0153609841029186 0.0199692790337942 0.0337941638264209 0.0353302621367128 0.0384024587572965 0.043010753688172 0.0660522283425499 0.0844854080660522 0.0844854080660522 0.0967741945483871 0.0937019979278034 0.0937019979278034 0.0721966215837174 0.0783410148248848 0.0721966215837174 0.0721966215837174
0.00813008230081301 0.0121951229512195 0.0203252042520325 0.024390244902439 0.0284552855528455 0.0284552855528455 0.032520326203252 0.0365853668536585 0.040650407504065 0.0447154481544715 0.0528455294552846 0.0528455294552846 0.0691056920569106 0.0934959359593496 0.154471545715447 0.300813009130081
0.000000001 0.15552099633437 0.116640747500778 0.0995334380139969 0.0808709185738725 0.0715396588538103 0.0684292389471229 0.0653188190404355 0.0590979792270607 0.0528771394136859 0.0497667195069984 0.0435458796936236 0.0419906697402799 0.0373250398802488 0.031104200066874 0.0264385702068429
0.0301369873013699 0.0643835626438356 0.0643835626438356 0.063013699630137 0.0643835626438356 0.0643835626438356 0.0657534256575342 0.0657534256575342 0.0657534256575342 0.0657534256575342 0.0657534256575342 0.063013699630137 0.0643835626438356 0.0643835626438356 0.063013699630137 0.0657534256575342
0.140065147579805 0.0879478837361564 0.0846905547459283 0.0814332257557003 0.0781758967654723 0.0749185677752443 0.0716612387850163 0.0684039097947883 0.0618892518143323 0.0553745938338762 0.0521172648436482 0.0423452778729642 0.0358306198925081 0.0260586329218241 0.0195439749413681 0.0195439749413681
0.0416666676666667 0.000000001 0.0416666676666667 0.0833333343333333 0.0833333343333333 0.0833333343333333 0.0416666676666667 0.0416666676666667 0.0416666676666667 0.0833333343333333 0.0833333343333333 0.0833333343333333 0.0416666676666667 0.0833333343333333 0.0833333343333333 0.0833333343333333
0.000000001 0.027000001 0.038000001 0.048000001 0.059000001 0.070000001 0.081000001 0.091000001 0.100000001 0.092000001 0.085000001 0.078000001 0.071000001 0.063000001 0.053000001 0.044000001
0.0976514225080346 0.0914709527923362 0.0902348588491965 0.0840543891334982 0.0803461073040791 0.0754017315315204 0.0741656375883807 0.0778739194177998 0.0791100133609394 0.0580964163275649 0.0543881344981459 0.0444993829530284 0.0370828192941904 0.0370828192941904 0.0185414101470952 0.000000001
0.0621761668031088 0.0621761668031088 0.0621761668031088 0.060880830015544 0.0582901564404145 0.0634715035906736 0.060880830015544 0.0621761668031088 0.060880830015544 0.060880830015544 0.060880830015544 0.0647668403782383 0.0647668403782383 0.0660621771658031 0.0647668403782383 0.0647668403782383
0.0645161300322581 0.0631720440107527 0.0645161300322581 0.0618279579892473 0.0645161300322581 0.0618279579892473 0.0645161300322581 0.0618279579892473 0.0618279579892473 0.0604838719677419 0.0618279579892473 0.0618279579892473 0.0618279579892473 0.0631720440107527 0.0618279579892473 0.0604838719677419
0.00451807328915663 0.00753012148192771 0.0150602419638554 0.0256024106385542 0.0376506034096386 0.0512048202771084 0.0602409648554217 0.072289157626506 0.0843373503975904 0.0978915672650603 0.109939760036145 0.123493976903614 0.105421687746988 0.0933734949759036 0.072289157626506 0.0391566275060241
0.062500001 0.062500001 0.062500001 0.062500001 0.062500001 0.062500001 0.062500001 0.062500001 0.062500001 0.062500001 0.062500001 0.062500001 0.062500001 0.062500001 0.062500001 0.062500001
0.333333334333333 0.112500001 0.100000001 0.0833333343333333 0.075000001 0.0541666676666667 0.050000001 0.0333333343333333 0.0333333343333333 0.025000001 0.0166666676666667 0.0166666676666667 0.012500001 0.0208333343333333 0.0166666676666667 0.0166666676666667
0.0877944335481799 0.0535331915781585 0.0471092087087794 0.0342612429700214 0.0299785877237687 0.0364025705931478 0.0364025705931478 0.0406852258394004 0.0492505363319058 0.0556745192012848 0.0620985020706638 0.0642398296937901 0.0685224849400428 0.0813704506788009 0.113490365025696 0.139186296503212
0.0232558149534884 0.0658914738682171 0.0658914738682171 0.0658914738682171 0.0658914738682171 0.0671834635322997 0.0658914738682171 0.0658914738682171 0.0671834635322997 0.0555555565555556 0.0555555565555556 0.0568475462196382 0.0633074945400517 0.0645994842041344 0.0594315255478036 0.0917312671498708
0.0175438606491228 0.0368421062631579 0.0543859659122807 0.0789473694210526 0.0701754395964912 0.087719299245614 0.0807017553859649 0.0842105273157895 0.0842105273157895 0.0842105273157895 0.0754385974912281 0.0824561413508772 0.0596491238070175 0.0526315799473684 0.0350877202982456 0.0157894746842105
0.101086957521739 0.0978260879565217 0.0923913053478261 0.0880434792608696 0.0847826096956522 0.0793478270869565 0.075000001 0.0706521749130435 0.0673913053478261 0.0586956531739131 0.050000001 0.0445652183913043 0.0358695662173913 0.0271739140434783 0.0173913053478261 0.00978260969565217
0.0681003594229391 0.0663082447275986 0.0663082447275986 0.0770609328996416 0.0842293916810036 0.0734767035089606 0.0734767035089606 0.0645161300322581 0.0627240153369176 0.0609319006415771 0.0609319006415771 0.0591397859462366 0.0555555565555556 0.0483870977741936 0.0448028683835125 0.0340501802114695
0.00715990553460621 0.0167064449140811 0.0190930797589499 0.0262529842935561 0.0310262539832936 0.0381861585178998 0.0477326978973747 0.0548926024319809 0.0644391418114558 0.0668257766563246 0.0739856811909308 0.081145585725537 0.0835322205704057 0.0883054902601432 0.0930787599498807 0.20763723250358
