0.00282087547108604 0.0112834988843441 0.0225669967686883 0.0267983084753173 0.0324400574174894 0.0352609318885755 0.0352609318885755 0.0423131180662905 0.0507757414795487 0.0592383648928068 0.0846262351325811 0.112834979843441 0.118476728785614 0.118476728785614 0.1212976032567 0.125528914963329
0.000000001 0.0723781398478582 0.0701624825361891 0.069423930098966 0.0701624825361891 0.068685377661743 0.0679468252245199 0.0664697203500739 0.0657311679128508 0.0657311679128508 0.0642540630384047 0.0649926154756278 0.0642540630384047 0.0635155106011817 0.0635155106011817 0.0627769581639586
0.0229226371031519 0.0329512903982808 0.0358166199111748 0.0372492846676218 0.0401146141805158 0.0415472789369628 0.0444126084498567 0.0501432674756447 0.0601719207707736 0.0673352445530086 0.0716332388223496 0.0773638978481375 0.0859598863868195 0.0988538691948424 0.113180516759312 0.120343840541547
0.000000001 0.000000001 0.000000001 0.000000001 0.000000001 0.000000001 0.000000001 0.000000001 0.000000001 0.000000001 0.0166666676666667 0.025000001 0.0333333343333333 0.0666666676666667 0.0833333343333333 0.775000001
0.0169902922621359 0.0254854378932039 0.0424757291553398 0.0594660204174757 0.0716019427475728 0.0825242728446602 0.0910194184757282 0.0983009718737864 0.0983009718737864 0.095873787407767 0.087378641776699 0.0740291272135922 0.058252428184466 0.0449029136213592 0.0351941757572816 0.0182038844951456
0.000000001 0.072463769115942 0.072463769115942 0.072463769115942 0.072463769115942 0.072463769115942 0.072463769115942 0.072463769115942 0.072463769115942 0.072463769115942 0.0673913053478261 0.0623188415797101 0.058695653173913 0.0557971024492754 0.0528985517246377 0.0507246386811594
0.000000001 0.000000001 0.000000001 0.000000001 0.000000001 0.000000001 0.000000001 0.000000001 0.000000001 0.000000001 0.0308219188082192 0.102739727027397 0.133561644835616 0.157534247575342 0.246575343465753 0.328767124287671
0.00495049604950495 0.0066006610660066 0.0066006610660066 0.0066006610660066 0.0066006610660066 0.0132013211320132 0.0247524762475247 0.037953796379538 0.0561056115610561 0.070957096709571 0.0841584168415841 0.107260727072607 0.125412542254125 0.145214522452145 0.15016501750165 0.153465347534653
0.000000001 0.0146520156520147 0.021978022978022 0.032967033967033 0.0457875467875458 0.0494505504505495 0.0531135541135531 0.0586080596080586 0.0677655687655678 0.0714285724285714 0.100732601732601 0.108058609058608 0.102564103564103 0.0952380962380952 0.0897435907435897 0.0879120889120879
0.00833333433333333 0.00833333433333333 0.00833333433333333 0.0166666676666667 0.00833333433333333 0.000000001 0.00833333433333333 0.0166666676666667 0.0166666676666667 0.025000001 0.0166666676666667 0.0166666676666667 0.025000001 0.00833333433333333 0.00833333433333333 0.808333334333333
0.0172413803103448 0.0172413803103448 0.00862069065517241 0.00862069065517241 0.00862069065517241 0.00862069065517241 0.00862069065517241 0.00862069065517241 0.00862069065517241 0.00862069065517241 0.00862069065517241 0.00862069065517241 0.00862069065517241 0.00862069065517241 0.000000001 0.862068966517241
0.0123456800123457 0.00617284050617284 0.00617284050617284 0.00617284050617284 0.00617284050617284 0.0123456800123457 0.0123456800123457 0.0123456800123457 0.0123456800123457 0.0185185195185185 0.0308641985308642 0.0308641985308642 0.0493827170493827 0.0679012355679012 0.104938272604938 0.611111112111111
0.00705467472134039 0.00705467472134039 0.00705467472134039 0.00881834315167549 0.00705467472134039 0.0141093484426808 0.0211640221640212 0.0352733696067019 0.0529100539100529 0.072310406643739 0.0970017646684303 0.107583775250441 0.125220459553792 0.134038801705467 0.144620812287478 0.158730159730159
0.00342465853424658 0.00171232976712329 0.00171232976712329 0.00342465853424658 0.00684931606849315 0.0205479462054795 0.0342465763424658 0.0428082201780822 0.0565068503150685 0.0667808229178082 0.089041096890411 0.101027398260274 0.11472602839726 0.13013698730137 0.155821918808219 0.171232877712329
0.000000001 0.000000001 0.000000001 0.000000001 0.000000001 0.000000001 0.000000001 0.000000001 0.000000001 0.000000001 0.0280112054817927 0.0812324939971989 0.156862746098039 0.210084034613445 0.254901961784314 0.26890756402521
0.0434782618695652 0.0869565227391304 0.0652173923043478 0.0652173923043478 0.0652173923043478 0.0869565227391304 0.0652173923043478 0.0652173923043478 0.0652173923043478 0.0869565227391304 0.0434782618695652 0.0652173923043478 0.0652173923043478 0.0434782618695652 0.0434782618695652 0.0434782618695652
0.0301624139930394 0.0324825996078886 0.0324825996078886 0.0324825996078886 0.037122970837587 0.0348027852227378 0.0348027852227378 0.0417633420672854 0.0533642701415313 0.0672853838306264 0.0812064975197216 0.0951276112088167 0.0997679824385151 0.102088168053364 0.109048724897912 0.116009281742459
0.000000001 0.000000001 0.000000001 0.000000001 0.000000001 0.000000001 0.000000001 0.000000001 0.000000001 0.000000001 0.000000001 0.000000001 0.000000001 0.315602837879433 0.329787235042553 0.354609930078014
0.0176848884598071 0.0731511264019293 0.0715434093601286 0.069935692318328 0.0691318337974277 0.0683279752765273 0.067524116755627 0.0667202582347267 0.0659163997138264 0.065112541192926 0.0635048241511254 0.0627009656302251 0.0618971071093248 0.0602893900675241 0.0594855315466238 0.0570739559839228
0.000000001 0.000000001 0.000000001 0.000000001 0.0579531452663379 0.0678175102478422 0.0702836014932182 0.0739827383612824 0.0875462402108508 0.0850801489654747 0.0875462402108508 0.0887792858335388 0.0887792858335388 0.0863131945881628 0.0850801489654747 0.120838472023428
0.00981996826677578 0.0114566294779051 0.0147299519001637 0.016366613111293 0.027823241589198 0.0376432088559738 0.044189853700491 0.0556464821783961 0.0687397718674304 0.072013094289689 0.0851063839787234 0.0916530288232406 0.0998363348788871 0.108019640934534 0.11620294699018 0.140752865157119
0.0284872308624754 0.031434185675835 0.0324165039469548 0.037328095302554 0.0432220049292731 0.0481335962848723 0.0550098241827112 0.0618860520805501 0.0667976434361493 0.0717092347917485 0.0776031444184676 0.0844793723163065 0.0844793723163065 0.0893909636719057 0.0913556002141454 0.0962671915697446
0.00587371612481645 0.0117474312496329 0.0161527175932452 0.0176211463744493 0.0220264327180617 0.0293685766240822 0.0352422917488987 0.0455212932173275 0.0602055810293686 0.0719530112790015 0.0837004415286344 0.0969163005594714 0.110132159590308 0.121879589839941 0.130690162527166 0.140969163995595
