0.768000001 0.008000001 0.016000001 0.008000001 0.024000001 0.032000001 0.000000001 0.008000001 0.016000001 0.016000001 0.024000001 0.032000001 0.008000001 0.016000001 0.016000001 0.008000001
0.0617608419986859 0.0630749024454665 0.0630749024454665 0.0630749024454665 0.0630749024454665 0.0630749024454665 0.0630749024454665 0.0630749024454665 0.0630749024454665 0.0630749024454665 0.0630749024454665 0.0630749024454665 0.0604467815519054 0.0617608419986859 0.0617608419986859 0.0604467815519054
0.0554298652533937 0.0565610869728507 0.0554298652533937 0.0984162905927602 0.0938914037149321 0.0961538471538462 0.0961538471538462 0.0972850688733032 0.0486425349366516 0.0520362000950226 0.0520362000950226 0.0486425349366516 0.0486425349366516 0.0497737566561086 0.0441176480588235 0.00678733131674208
0.0846560856560847 0.0811287487954145 0.0793650803650794 0.0802469145802469 0.0731922408589065 0.0705467382134039 0.064373898707231 0.0731922408589065 0.0687830697830688 0.0626102302768959 0.044973545973545 0.0361552038218695 0.0467372144038801 0.0388007064673721 0.0379188722522046 0.0573192249858907
0.0961538471538461 0.0824175834175824 0.0782967042967033 0.0728021988021978 0.0700549460549451 0.0673076933076923 0.0659340669340659 0.0631868141868132 0.0604395614395604 0.0563186823186813 0.0535714295714286 0.0508241768241758 0.0480769240769231 0.0453296713296703 0.0425824185824176 0.0467032977032967
0.0245989314812834 0.0385026747967914 0.0524064181122995 0.0598930491283423 0.0663101614278075 0.0663101614278075 0.0663101614278075 0.0663101614278075 0.067379680144385 0.0695187175775401 0.0695187175775401 0.0695187175775401 0.0695187175775401 0.0705882362941177 0.0716577550106952 0.0716577550106952
0.900000001 0.000000001 0.000000001 0.000000001 0.00909091009090909 0.000000001 0.000000001 0.00909091009090909 0.00909091009090909 0.00909091009090909 0.00909091009090909 0.0181818191818182 0.0181818191818182 0.00909091009090909 0.000000001 0.00909091009090909
0.000000001 0.00506756856756757 0.0168918928918919 0.035472973972973 0.0489864874864865 0.062500001 0.0760135145135135 0.089527028027027 0.0962837847837838 0.10472973072973 0.097972973972973 0.0878378388378378 0.0793918928918919 0.0726351361351351 0.0675675685675676 0.0591216226216216
0.0584415594415584 0.0558441568441558 0.061038962038961 0.0597402607402597 0.0597402607402597 0.0623376633376623 0.0636363646363636 0.0636363646363636 0.0636363646363636 0.0636363646363636 0.0636363646363636 0.0623376633376623 0.0662337672337662 0.0662337672337662 0.0649350659350649 0.0649350659350649
0.0597014935373134 0.0833333343333333 0.082089553238806 0.0783582099552239 0.0758706477661691 0.0721393044825871 0.0696517422935323 0.0659203990099502 0.0621890557263682 0.0584577124427861 0.054726369159204 0.0522388069701492 0.0497512447810945 0.0472636825920398 0.0460199014975124 0.0422885582139303
1.000000001 0.000000001 0.000000001 0.000000001 0.000000001 0.000000001 0.000000001 0.000000001 0.000000001 0.000000001 0.000000001 0.000000001 0.000000001 0.000000001 0.000000001 0.000000001
0.104928458869634 0.120826710062003 0.135135136135135 0.14308426173132 0.128775835658188 0.114467409585056 0.0858505574387917 0.0556438801732909 0.041335454100159 0.0302066782655008 0.0206677275500795 0.0111287768346582 0.00794912659618442 0.000000001 0.000000001 0.000000001
0.092156863745098 0.0852941186470588 0.0784313735490196 0.0764705892352941 0.0705882362941176 0.0676470598235294 0.0637254911960784 0.0588235304117647 0.0509803931568628 0.0509803931568628 0.050000001 0.0519607853137255 0.050000001 0.0509803931568628 0.0509803931568628 0.0509803931568628
0.0560747673551402 0.0716510913426791 0.0716510913426791 0.0706126697435099 0.0695742481443406 0.0685358265451713 0.0674974049460021 0.0654205617476635 0.0643821401484943 0.0623052969501558 0.0602284537518172 0.0581516105534787 0.0550363457559709 0.0539979241568017 0.0529595025576324 0.0519210809584631
0.0532544388698225 0.230769231769231 0.210059172597633 0.186390533544379 0.136094675556213 0.0857988175680473 0.0384615394615385 0.00591716076331361 0.00295858088165681 0.00591716076331361 0.0118343205266272 0.00591716076331361 0.00887574064497041 0.00295858088165681 0.00591716076331361 0.00887574064497041
0.168443497801706 0.142857143857143 0.121535182236674 0.106609809102345 0.104477612940299 0.0831556513198294 0.0682302781855011 0.0554371012132196 0.046908316565032 0.0319829434307036 0.0298507472686567 0.0170575702963753 0.0149253741343284 0.00639658948614072 0.000000001 0.00213219716204691
0.0410958914109589 0.0547945215479452 0.0821917818219178 0.164383562643836 0.232876713328767 0.287671233876712 0.0684931516849315 0.0410958914109589 0.0273972612739726 0.000000001 0.000000001 0.000000001 0.000000001 0.000000001 0.000000001 0.000000001
