null-cost
20
0.1,0.2,0.3,0.4,0.5,0.6,0.7,0.8,0.85,0.9,0.95,0.99
speaker-opt,1
total-marbles,4
0.04502628885987511,0.1046897205116059,0.16375934496262023,0.2211472011057359,0.2771840916602403,0.3329161451814767,0.3906178138893149,0.4562466583496703,0.497381659851137,0.5533478293469296,0.6523399715726188,0.867612583569574
speaker-opt,2
total-marbles,4
0.03473451853502958,0.1046897205116059,0.15155272763231242,0.17143096304356917,0.17339474397182347,0.17114234033671902,0.179687517881352,0.22035190260871232,0.26707945007546874,0.3522710032455627,0.5261112440705423,0.851398143203313
speaker-opt,3
total-marbles,4
0.02243803960428055,0.1046897205116059,0.13213195454244128,0.11340138711610699,0.09564770667130867,0.09865002982818796,0.12629067540562552,0.1900715769394834,0.24781241593844938,0.3426710647093028,0.5236550034345806,0.8513514695542292
speaker-opt,4
total-marbles,4
0.012422270386779403,0.1046897205116059,0.1087772573367248,0.07243012159407228,0.06599448308412756,0.0831093438101671,0.11973162797657853,0.18805449084413428,0.24692881939750425,0.3423990796590374,0.5236224809136507,0.8513513516498437
speaker-opt,5
total-marbles,4
0.006190251349902144,0.1046897205116059,0.08559234802794881,0.051635715795529134,0.05758970391595673,0.08039519792218865,0.11901783925391803,0.18792790436414056,0.24688976925796097,0.3423915203319282,0.5236220529502785,0.8513513513521049
speaker-opt,1
total-marbles,5
0.0424413366835317,0.09943812037501831,0.15664163151356603,0.21291760619962172,0.26847955787226024,0.32423365782463015,0.3822726198142969,0.44824379728644503,0.48935237753740113,0.5449330207534676,0.6430284161407943,0.8609528386420986
speaker-opt,2
total-marbles,5
0.03570358646344755,0.09946828506180044,0.13878544307063348,0.1531221080204714,0.15301998974697664,0.15174965184323475,0.16262862616974458,0.20503184204580757,0.25180016160596014,0.336262211821972,0.5096271812811026,0.8430389295184362
speaker-opt,3
total-marbles,5
0.027360319920673545,0.09846721038069216,0.10927655663316306,0.08923360027597836,0.07889857795898207,0.08753726528313822,0.11712179163848464,0.17967525847155905,0.23569337076414706,0.3281974077029403,0.5075269116369662,0.8429974078949052
speaker-opt,4
total-marbles,5
0.019148660116838717,0.09646492230166324,0.07806791103171391,0.054239741626551964,0.05734830699754024,0.07691968043718718,0.11274811813734935,0.17833878297900324,0.23510644421234766,0.3280152487413178,0.5075046882256867,0.8429973239878719
speaker-opt,5
total-marbles,5
0.012406510023933224,0.09351333886026561,0.05384322866095656,0.041041305735932024,0.05264393535902003,0.07545862046932382,0.11236933466553187,0.17827177831321422,0.2350857054281209,0.3280111992881974,0.5075044542821986,0.8429973238183627
speaker-opt,1
total-marbles,6
0.040877155631254,0.09622296060215647,0.15223822462928102,0.20777929663228553,0.2630030500148453,0.3187413548617215,0.3769834909440614,0.443189558312424,0.484301921605951,0.5396602944830877,0.6371719471050473,0.8566244160538085
speaker-opt,2
total-marbles,6
0.03660007974398009,0.09570166361123299,0.1293550457176785,0.1397389870905862,0.13852385126474961,0.1383744808592663,0.15122763170980552,0.19511888231544144,0.2420554702570061,0.3261385424424271,0.4991398280102875,0.8375555153564551
speaker-opt,3
total-marbles,6
0.031366879655826775,0.09198592393684006,0.09207991390106263,0.07390031935562073,0.06908271726205661,0.08109802204602484,0.11168490027304509,0.17335635367279434,0.22825362073973476,0.3192096501050504,0.49731575691679347,0.8375185262032268
speaker-opt,4
total-marbles,6
0.02570738921027866,0.0853922927358865,0.058582268579709086,0.045120587932765084,0.05293813629093473,0.073423147514573,0.1085686789307256,0.17240793567158658,0.2278365170042593,0.3190795515521122,0.4972996852324207,0.837518463915968
speaker-opt,5
total-marbles,6
0.020182391901643136,0.07652301658020738,0.03830811737496475,0.03655013377962611,0.05006960521538487,0.07255086463052383,0.10834444986015196,0.17236834264064196,0.22782423932211937,0.31907714169874923,0.49729954424724104,0.8375184638111074
speaker-opt,1
total-marbles,8
0.039077194957292095,0.09248742495537883,0.14707727022680367,0.20170972604328075,0.2564908373830609,0.3121782017234838,0.37065001029583355,0.4371532100199456,0.47829089254576757,0.533407384633694,0.63021019899284,0.851334408773216
speaker-opt,2
total-marbles,8
0.037994180289711105,0.09009156311314585,0.11555726986812319,0.12085294040451976,0.11891263607944395,0.12095091203985131,0.1368546596482312,0.18300072090555783,0.23030481849940948,0.3140357202528843,0.4865521108437029,0.8307993000667699
speaker-opt,3
total-marbles,8
0.03681076055292888,0.07939596191261546,0.06870903087402193,0.056466422565730416,0.058592981028149645,0.07416841286176906,0.10561309995807677,0.16608222214016216,0.21960135570946807,0.3086481191352924,0.4851159266318989,0.8307692687430915
speaker-opt,4
total-marbles,8
0.0355358284502904,0.06323098075890561,0.03846429932285635,0.03702452390426124,0.04871144589080711,0.06964728596058024,0.10380640599777624,0.16553491585081131,0.21936027905545288,0.3085724938736485,0.48510644576731726,0.8307692308171774
speaker-opt,5
total-marbles,8
0.03417948084969982,0.04629535242964346,0.026384346913177963,0.03295920131925103,0.0474283041433966,0.06926551446424697,0.10370920680319529,0.16551779372494646,0.2193549587185076,0.30857144336732284,0.48510638339180606,0.8307692307692912
speaker-opt,1
total-marbles,15
0.03680847810666315,0.08772328963870603,0.14042342732651558,0.19380674061165035,0.24793843539615076,0.3035020175460395,0.36225087924970695,0.42917034064500925,0.47037589942101654,0.5252148619173479,0.6210707120681889,0.8441443198052467
speaker-opt,2
total-marbles,15
0.04008187312356785,0.07733123209396293,0.0882067474944013,0.08748982564607866,0.08734722697256195,0.09475402015214371,0.1163237915578011,0.1664323334045635,0.21454415246922062,0.29800923261720763,0.469825762280501,0.8215187998407668
speaker-opt,3
total-marbles,15
0.041149017662267945,0.04775910661787816,0.03669551194727628,0.0375912368873067,0.047748144703040986,0.06661133128671695,0.09840658057837043,0.15695810594850476,0.2085755538736926,0.2949971181647157,0.46901000888519073,0.8215010261769884
speaker-opt,4
total-marbles,15
0.03995001749327779,0.024783490772869173,0.022477361837119347,0.030837295724404443,0.04464663377148999,0.0652494921524768,0.09787221354493145,0.15679715396470528,0.20850452517123905,0.2949746758629311,0.4690071412001274,0.8215010142068488
speaker-opt,5
total-marbles,15
0.03666963795348086,0.015422197940157046,0.01999932471402088,0.03013808677246235,0.04443746002816958,0.06518872729965179,0.09785692679326718,0.15679447056864132,0.2085036894260599,0.2949745096164651,0.46900713113800807,0.8215010141987882
