null-cost
20
0.1,0.2,0.3,0.4,0.5,0.6,0.7,0.8,0.85,0.9,0.95,0.99
speaker-opt,1
total-marbles,4
0.09157127991675346,0.21250000000000013,0.3305785123966945,0.4429065743944636,0.549165120593692,0.6495726495726494,0.7444850255661067,0.8342838520449731,0.8773823579018384,0.9193397695421988,0.9601986861079955,0.9921224402823137
speaker-opt,2
total-marbles,4
0.06906015787189623,0.21250000000000013,0.3395361922752302,0.45283436057599263,0.5572485851110145,0.655126498002663,0.7477032030966566,0.8357246106657445,0.8781913897464936,0.9196977928608786,0.9602876225614979,0.9921259753022615
speaker-opt,3
total-marbles,4
0.04446576060442173,0.21250000000000013,0.3449919930775843,0.45667703519707814,0.5593093046495315,0.6560624368599332,0.7480499647590265,0.8358148768191184,0.8782271325147365,0.9197077448488895,0.9602887930575948,0.9921259842293682
speaker-opt,4
total-marbles,4
0.02468552938741244,0.21250000000000013,0.3482582030138507,0.45813606078151414,0.559827144364605,0.6562187306676528,0.7480871415299022,0.8358205193499071,0.8782287095035168,0.9197080212985153,0.960288808458909,0.9921259842519113
speaker-opt,5
total-marbles,4
0.012337255525673219,0.21250000000000013,0.35019332977773254,0.458685829299008,0.5599567746530428,0.6562447881993168,0.748091125029866,0.8358208720115942,0.8782287790767503,0.9197080289776757,0.9602888086615577,0.9921259842519684
speaker-opt,1
total-marbles,5
0.08625817965496732,0.20181405895691631,0.3163872363439699,0.4269972451790635,0.5331088664421997,0.6347244437981676,0.7320054323223175,0.8251633986928103,0.8702660573210046,0.9144216225695435,0.9576573818998061,0.9916016710467335
speaker-opt,2
total-marbles,5
0.07126222421230723,0.20684372928819436,0.3277267746944848,0.43809750995467633,0.5418176650323314,0.6406290198879583,0.7354143401253235,0.826691063065275,0.8711251891130001,0.9148025663134197,0.9577522312881677,0.9916054488058502
speaker-opt,3
total-marbles,5
0.05427743717642532,0.21105188573878575,0.33330393591217244,0.4415436068807335,0.5435951255363741,0.6414251810410959,0.7357081748914679,0.8267676235595013,0.8711555509351288,0.9148110369125398,0.9577532298949841,0.9916054564378559
speaker-opt,4
total-marbles,5
0.03798244280368006,0.2145439897724809,0.3359734195874894,0.44258853549757315,0.5439521220671718,0.641531501095855,0.7357333732843215,0.8267714520429646,0.8711566225796642,0.9148112251507065,0.9577532404066565,0.9916054564532742
speaker-opt,5
total-marbles,5
0.024657690280122203,0.21742225346173175,0.33723437011325114,0.44290304039798806,0.5440235824802973,0.6415456800652822,0.7357355332392144,0.8267716434682868,0.8711566604024757,0.9148112293337779,0.9577532405173058,0.9916054564533053
speaker-opt,1
total-marbles,6
0.08304498269896195,0.19526627218934928,0.30758276966892134,0.4170096021947877,0.5229151014274982,0.6251962323390897,0.7239150507848567,0.8191928376582501,0.8655855066111475,0.9111719257926489,0.955970623543535,0.9912547945475668
speaker-opt,2
total-marbles,6
0.07334781917430709,0.20360187474628186,0.32047841465129506,0.4288789835956214,0.5320349066470076,0.6313312705962194,0.7274493652978594,0.8207778354838017,0.8664777817507726,0.9115680837480183,0.9560694131485608,0.9912587346143356
speaker-opt,3
total-marbles,6
0.062415511181491655,0.2095663860014811,0.32579225759087427,0.43195438412753856,0.5335867857083942,0.6320207277781548,0.7277032357056525,0.8208440273503115,0.8665040580862391,0.9115754242003662,0.9560702798698248,0.9912587412475554
speaker-opt,4
total-marbles,6
0.051010967829771936,0.21374123481264065,0.32790746709338253,0.43273037805229847,0.5338463584450387,0.6320974337555634,0.7277213767694504,0.8208467856125283,0.8665048309488275,0.9115755601361382,0.9560702874726544,0.9912587412587224
speaker-opt,5
total-marbles,6
0.04003752097418198,0.21661856208848562,0.328737694343929,0.43292483201000004,0.5338896465671996,0.6321059578785915,0.727722672597905,0.8208469005405865,0.8665048536801058,0.9115755626534681,0.9560702875393459,0.9912587412587412
speaker-opt,1
total-marbles,8
0.07934933544931559,0.18765432098765422,0.29724150872583965,0.4051619186754323,0.5107070707070708,0.6136799488600042,0.7140495867768594,0.811849789225355,0.8598049954697283,0.9071420740603311,0.9538704956291286,0.9908215393435498
speaker-opt,2
total-marbles,8
0.07679590099286325,0.20008624407072015,0.312047509283465,0.4179779530824828,0.5203337093284944,0.6200992481720178,0.7177387135294578,0.8135057826394683,0.8607384134689704,0.9075571755754069,0.9539742084577674,0.9908256828350399
speaker-opt,3
total-marbles,8
0.07411286327908609,0.2069417157825802,0.31664910572910526,0.42047261619657433,0.5215630255477847,0.6206404099541842,0.7179374644259638,0.8135576488121876,0.8607590286540373,0.9075629439645536,0.9539748908781448,0.9908256880667804
speaker-opt,4
total-marbles,8
0.0713100672951466,0.21054921152800443,0.31801722157397816,0.4209437536872053,0.5217171106092563,0.6206855510933864,0.7179481150719841,0.8135592697456071,0.8607594834131556,0.9075630240816737,0.9539748953677569,0.9908256880733861
speaker-opt,5
total-marbles,8
0.06839998083519473,0.21240084183260463,0.31841852660535147,0.42103221256849527,0.5217363778515948,0.6206893131636687,0.7179486856517232,0.8135593203998885,0.8607594934446127,0.9075630251944115,0.9539748953972939,0.9908256880733944
speaker-opt,1
total-marbles,15
0.07469443186962427,0.17794088474509032,0.28387696219864034,0.3896604938271602,0.49454113068857425,0.5982505016094807,0.7006802721088435,0.8017874790529799,0.8518405151401783,0.9015596736989088,0.9509457388619814,0.9902156166237713
speaker-opt,2
total-marbles,15
0.08366272241655827,0.19607388145968932,0.30129552230759743,0.4037737248674035,0.5048640375892395,0.6050606151685988,0.7045825485726382,0.8035416298351266,0.8528310036002722,0.9020011579916495,0.9510563402089,0.9902200459150384
speaker-opt,3
total-marbles,15
0.09015770088770357,0.201551292329569,0.30419934709082624,0.40524164029027887,0.5055676442230654,0.6053669119279148,0.704694687815702,0.803570931907303,0.8528426704712465,0.9020044299254741,0.9510567283330313,0.9902200488977456
speaker-opt,4
total-marbles,15
0.09456243847770811,0.20306412047183797,0.3046561144092272,0.40538902289386913,0.5056146216598205,0.6053805323941404,0.7046978923264171,0.8035714202936881,0.8528428077305092,0.9020044541621138,0.951056729694871,0.9902200488997541
speaker-opt,5
total-marbles,15
0.0974181612218568,0.2034714003022334,0.3047272911625934,0.40540376709422105,0.5056177538021399,0.605381137762581,0.7046979838843014,0.8035714284334665,0.8528428093453245,0.9020044543416448,0.9510567296996495,0.9902200488997556
