0.1,0.2,0.3,0.4,0.5,0.6,0.7,0.8,0.85,0.9,0.95,0.99
speaker-opt,1
total-marbles,4
0.04502628885987511,0.1046897205116059,0.16375934496262023,0.2211472011057359,0.2771840916602403,0.3329161451814767,0.3906178138893149,0.4562466583496703,0.497381659851137,0.5533478293469296,0.6523399715726188,0.867612583569574
speaker-opt,2
total-marbles,4
0.03473451853502958,0.1046897205116059,0.15155272763231242,0.17143096304356917,0.17339474397182347,0.17114234033671902,0.179687517881352,0.22035190260871232,0.26707945007546874,0.3522710032455627,0.5261112440705423,0.851398143203313
speaker-opt,3
total-marbles,4
0.02243803960428055,0.1046897205116059,0.13213195454244128,0.11340138711610699,0.09564770667130867,0.09865002982818796,0.12629067540562552,0.1900715769394834,0.24781241593844938,0.3426710647093028,0.5236550034345806,0.8513514695542292
speaker-opt,4
total-marbles,4
0.012422270386779403,0.1046897205116059,0.1087772573367248,0.07243012159407228,0.06599448308412756,0.0831093438101671,0.11973162797657853,0.18805449084413428,0.24692881939750425,0.3423990796590374,0.5236224809136507,0.8513513516498437
speaker-opt,1
total-marbles,15
0.06879939442095266,0.06516262216866385,0.06139832661953461,0.05758523281345355,0.053718683185989234,0.04974985588956859,0.04555350862502092,0.04077354709678504,0.037830292898498825,0.03391322414876087,0.027066377709415078,0.011132548585339515
speaker-opt,2
total-marbles,15
0.06856558049117373,0.06590491199328838,0.06512808946468561,0.06517929816813725,0.06518948378767413,0.06466042713198975,0.06311972917444279,0.05954054761395973,0.0561039891093414,0.05014219767019946,0.03786958840853565,0.012748657154230946
speaker-opt,3
total-marbles,15
0.06848935588126655,0.06801720667015157,0.0688074634323374,0.06874348307947811,0.06801798966406848,0.06667061919380596,0.06439952995868783,0.06021727814653535,0.05653031758045054,0.05035734870252029,0.037927856508200665,0.012749926701643695
speaker-opt,4
total-marbles,15
0.06857499875048016,0.06965832208765223,0.06982304558306293,0.06922590744825681,0.06823952615917926,0.06676789341768022,0.06443769903250489,0.06022877471680679,0.05653539105919722,0.05035895172407633,0.03792806134284806,0.01274992755665365
